0	516
1	2118
1	1267
1	2180
2	1622
2	675
2	544
3	1478
4	1008
4	1486
5	311
5	1305
5	1378
5	651
6	159
6	48
6	1757
6	1582
6	738
6	242
6	1350
6	1058
6	1503
6	2218
7	1979
7	660
7	1599
7	2041
8	1986
8	443
8	2328
8	829
8	664
9	1701
10	898
10	1632
10	1988
10	1548
10	388
10	1913
11	98
11	696
11	1090
11	157
11	1685
11	942
11	623
12	2018
12	737
12	198
12	1743
13	672
13	1885
13	34
14	290
15	2000
15	1096
15	1354
15	2174
16	2323
16	1825
16	2156
16	349
16	815
17	2064
17	1153
17	1196
18	382
19	340
19	707
20	1929
20	849
20	230
20	690
21	1424
21	687
21	2272
21	1386
22	74
22	891
22	1117
22	1744
22	2187
23	716
23	1403
23	74
23	1239
24	1318
24	1739
25	189
25	1230
26	792
26	804
26	1692
26	661
27	1725
27	1616
27	1219
27	1236
27	1556
28	589
28	1504
28	1329
28	1699
28	1748
28	2230
29	307
29	1121
30	1681
30	2250
31	1575
31	1299
31	2315
32	1934
32	704
32	1013
32	54
32	63
32	333
33	2105
34	1101
34	1363
34	73
34	250
35	2272
35	275
36	354
36	2071
36	559
37	1954
38	2195
38	682
38	354
39	1637
39	1109
39	1612
39	1657
40	1612
40	525
40	780
41	1074
41	1120
41	161
42	644
42	1420
43	318
43	2231
43	1041
43	2327
43	1157
44	826
45	1967
45	478
46	2063
46	1289
47	609
48	618
48	1862
48	1825
48	2051
49	1343
49	1516
49	1955
49	201
50	1262
50	901
50	2265
51	1627
51	417
51	1173
51	1252
52	331
52	1682
53	146
53	1666
54	808
54	1845
55	641
55	2033
55	552
55	2332
55	561
56	2272
56	522
56	2327
57	2273
57	107
57	472
58	1577
58	628
58	1036
58	764
58	1459
59	1233
59	406
59	1992
60	275
60	1169
60	1933
60	1929
60	1805
61	2002
62	1487
63	2087
63	1599
63	2312
63	1771
63	1442
64	1800
64	213
64	253
64	1238
64	325
65	1076
65	750
65	1853
65	1941
66	1096
66	1920
67	1942
67	1658
68	656
68	1573
68	2106
69	1245
69	1834
69	2205
69	1660
69	236
70	560
70	225
71	1190
71	1425
71	198
71	1767
71	1853
72	1676
72	1995
72	1013
72	1214
73	1124
73	630
73	723
73	1437
74	529
74	1771
75	521
75	456
75	1337
76	1578
76	1679
76	493
76	773
77	1647
77	1363
77	1213
78	1848
78	855
78	1924
79	1020
80	2196
80	577
81	1487
81	2092
81	2253
82	1510
83	1281
83	1470
83	1473
83	1809
83	1528
83	272
83	1917
83	924
84	2010
84	1017
84	1896
84	173
85	414
85	1564
85	1279
86	565
86	505
86	329
86	1665
87	1431
87	189
88	1290
88	112
88	2142
89	366
89	1658
90	1083
90	976
90	1950
90	1683
91	1570
91	1731
92	2265
92	1110
92	1197
93	1197
93	1493
93	1855
93	1983
93	259
93	757
94	2132
94	1827
95	1755
95	957
95	750
95	1996
96	1378
96	173
97	876
97	1009
97	1561
97	1994
98	110
99	1218
100	2115
100	883
101	2259
101	997
101	1837
101	1548
101	856
102	682
102	1077
102	1405
102	382
102	987
102	951
103	1222
103	1444
103	2324
103	1762
104	1091
104	1088
104	1598
104	405
105	2082
105	243
105	1331
106	1467
106	2097
106	1838
106	1974
106	225
107	1056
107	1053
107	947
108	1440
108	2055
108	1743
109	489
109	1200
110	1339
110	1765
110	2220
111	1969
111	429
112	1629
112	562
112	800
112	326
112	1921
113	1779
113	1922
113	910
113	1523
114	1888
114	911
114	224
114	2010
115	129
115	1556
115	280
115	856
116	2284
116	1301
116	836
116	1560
116	1137
117	1431
117	1696
118	2157
118	1490
118	433
118	2005
118	515
119	1613
119	2067
120	1826
120	1282
121	1361
121	535
121	1922
121	1885
121	2200
122	2261
122	1347
122	769
122	315
122	225
122	725
123	1534
123	549
124	2148
124	959
124	610
124	2334
124	230
124	1641
125	1673
125	1416
125	1487
125	1509
126	1848
126	2068
126	1119
127	532
127	875
127	706
127	1690
128	201
128	1757
128	883
128	446
128	2184
129	2177
129	2219
129	440
129	2305
129	1919
130	175
130	615
131	2079
132	246
132	1216
132	2160
132	1763
132	2241
132	2226
132	1919
132	2051
133	1207
133	672
133	1812
134	1270
134	1688
134	2094
134	944
134	1879
134	1946
134	1802
135	389
135	1754
135	2018
135	1437
136	270
136	1371
136	1408
136	1420
136	1857
136	970
137	1935
138	650
139	1323
139	1369
139	850
139	391
139	1013
140	1040
140	882
141	2128
141	2271
141	851
141	694
142	1044
143	2014
143	1880
143	857
143	294
144	2058
144	493
145	1368
145	1815
145	1758
145	861
145	2149
146	1423
146	1357
146	1264
146	571
146	1369
147	1404
147	1369
147	1963
148	614
148	897
148	1634
148	1543
149	242
149	2006
150	1830
151	267
152	1097
152	735
152	1096
153	630
153	2232
154	1094
154	175
154	262
154	897
154	1748
154	1613
155	1108
156	1700
156	1985
157	261
157	2271
157	1215
157	301
158	220
158	1669
158	1412
158	550
158	163
158	1728
159	1053
159	2250
160	1727
160	683
160	669
160	1941
161	2213
161	1962
161	1877
161	846
162	703
162	787
162	761
162	1205
163	334
163	1001
163	1460
163	182
163	1628
164	925
164	1274
164	1634
164	1299
165	198
165	651
166	1393
167	862
167	448
167	1307
167	1703
168	2205
169	1764
169	636
169	414
169	211
170	766
170	1966
171	1021
171	1432
171	1875
171	1074
171	1354
172	603
172	1603
173	850
173	2038
173	1293
173	1012
174	419
174	1386
175	1132
175	2097
175	1262
175	1514
176	764
176	811
176	1291
176	1898
176	2100
177	566
177	1210
177	202
177	1242
177	431
177	1453
177	735
178	534
178	521
178	333
179	805
179	224
179	1247
179	1944
179	770
180	2210
180	445
180	2106
180	2053
181	820
182	1482
182	909
182	359
182	854
182	1618
182	2154
183	508
184	1537
185	376
185	1580
186	1244
186	359
186	2159
187	526
187	476
187	892
187	2239
188	745
188	1534
188	2313
188	833
189	1588
189	809
190	777
190	313
190	761
190	293
191	1259
191	399
192	766
192	1577
192	1767
192	1237
193	945
193	751
193	1070
194	420
194	1404
195	1546
195	2183
195	2306
195	1571
195	2020
196	1862
196	1107
197	1316
197	2204
197	758
198	1345
198	502
198	690
199	1609
200	351
200	480
201	995
201	908
201	1775
202	1435
202	724
203	1059
203	2263
203	1748
203	1480
203	2202
203	651
203	1622
204	468
204	701
204	354
205	1128
205	1956
205	1563
206	354
206	2123
207	1845
207	924
207	574
207	717
207	1874
208	1503
208	1205
208	1515
208	811
209	1770
209	328
210	291
210	1160
210	1588
210	1545
210	665
211	1047
211	581
211	2296
212	1384
212	2305
212	985
212	481
213	2268
213	972
213	1390
213	1422
214	1753
214	755
215	1672
215	1215
215	550
215	530
215	1517
216	1733
216	1057
216	1005
216	1970
216	576
216	1579
217	765
217	969
218	2092
219	2123
219	1973
220	424
220	1852
220	1422
220	1355
221	1089
221	2233
221	960
221	1995
221	696
221	293
221	1062
221	985
222	1030
222	708
223	2313
223	827
223	701
223	1845
223	1034
223	1321
224	327
224	1742
224	412
224	626
224	765
225	1801
225	2170
225	1461
226	1158
226	1283
226	2005
227	1756
227	2298
227	2033
228	2096
229	927
229	1002
229	1508
229	891
229	2008
230	310
230	570
231	2124
231	954
231	1580
232	2062
232	397
232	2148
232	1696
233	930
234	1387
234	1518
234	1779
235	1997
235	1961
236	1756
236	1552
236	1152
236	1148
236	1999
236	1989
236	1337
237	1569
237	1262
238	2250
239	923
239	1511
239	532
239	1792
240	1890
240	1262
241	2228
241	1490
241	471
241	1587
241	1615
241	910
241	1396
242	597
242	1238
242	616
242	2113
243	1209
244	1368
244	1029
244	1325
245	1824
245	1102
245	1945
245	602
245	342
245	1543
245	1313
245	1977
246	2264
247	1425
247	2281
247	2232
248	1142
248	995
248	2331
248	1598
248	1457
249	1655
249	1369
250	518
250	497
250	306
250	1223
250	2198
250	1296
251	2097
251	1221
251	1959
251	1674
251	260
252	2231
252	1379
252	435
252	1858
252	587
253	646
254	1394
254	1625
254	1054
255	870
255	1188
255	1992
255	2146
255	1107
255	1396
255	918
255	1674
256	2176
256	1823
256	776
256	542
257	2136
257	288
257	880
257	1569
257	907
258	1602
258	1403
259	1948
259	1176
259	526
260	1877
260	1481
261	289
261	1164
261	809
262	1676
262	1849
262	417
262	704
263	1223
264	1270
264	595
264	480
264	694
264	415
264	564
265	1475
266	1678
266	1302
267	347
268	986
268	1839
269	436
270	371
270	2127
270	1793
270	2151
271	708
271	1482
272	978
273	2109
273	288
274	361
275	911
276	866
276	1091
276	1246
276	1164
277	1360
278	1858
278	1350
278	1701
278	1695
279	466
279	314
279	734
279	1025
280	757
281	1898
282	408
282	1168
282	466
282	2135
282	1594
283	1291
284	1201
284	2048
285	878
285	943
285	665
286	1397
286	2052
286	381
286	1906
286	916
287	913
287	1399
288	1293
288	1477
288	513
288	635
288	2206
288	782
288	1696
289	614
289	1401
289	1691
290	1877
290	939
290	1044
290	1402
291	1910
291	1999
292	1623
292	1707
292	1697
292	592
292	867
293	660
293	1762
293	1285
293	659
294	334
294	419
295	466
296	1079
296	2234
296	1265
296	630
296	745
296	492
296	629
296	1187
296	639
297	880
297	1098
297	1286
298	543
298	936
299	776
299	435
300	992
300	724
300	1763
301	1532
301	944
301	1142
301	636
302	1074
302	1480
303	959
303	2209
303	1762
303	851
303	1471
304	2215
304	634
304	959
305	899
305	877
306	532
306	687
306	1794
307	346
307	1261
307	343
307	963
307	356
308	460
308	359
308	510
308	1859
309	429
309	2169
309	1018
309	609
310	1237
310	1356
310	1123
311	369
311	2124
311	1897
311	2146
311	1730
312	1522
315	771
315	625
316	687
316	1310
316	1452
316	390
316	2320
316	1000
317	1782
317	720
317	496
319	444
320	1624
321	930
321	2123
322	1980
322	784
322	745
323	1471
323	428
324	998
324	1462
325	2165
325	1742
326	830
327	960
327	1906
327	965
328	2076
328	1644
328	2261
328	782
328	726
329	876
329	1287
329	1175
329	907
330	460
330	538
330	1751
330	1461
330	645
330	1779
331	1163
332	2062
332	1042
332	1308
332	1332
333	354
334	1929
335	1461
336	1458
336	2120
336	2297
336	1011
337	1236
337	2139
338	1743
338	477
339	2174
339	486
339	1767
340	992
340	744
341	841
341	1367
341	1589
342	807
342	2318
342	1285
343	1936
344	2031
344	1059
344	533
345	640
345	2306
345	910
345	1677
345	1937
345	1018
345	1156
346	1537
346	1730
346	2262
347	1201
348	1178
348	1661
348	641
348	2256
348	1640
349	1172
350	2274
350	1275
350	1704
351	1385
351	1353
351	2267
352	2227
352	1385
353	1105
353	2002
354	1235
354	1511
354	1142
355	1089
355	860
355	1240
356	1392
356	1103
357	2222
357	1536
357	2235
357	1949
358	1212
358	847
358	770
359	1302
359	1429
359	1510
360	1256
360	543
360	1795
360	760
360	399
361	2292
361	533
361	980
361	1959
361	2099
362	877
362	1166
362	925
363	463
363	986
364	1396
364	1904
365	2052
366	404
366	2110
366	984
367	1448
368	438
368	445
368	1471
369	410
369	400
369	405
370	1736
370	1342
370	1161
370	460
370	1417
371	674
371	1600
371	799
371	1319
372	1361
373	1873
374	464
374	1442
374	1872
375	1665
376	1133
376	2101
376	466
377	1873
377	2227
377	1043
378	1946
378	1340
378	584
378	1569
378	991
378	819
379	2135
379	1863
379	1488
380	648
380	2142
380	2341
380	844
380	607
380	1744
380	1054
381	1269
381	1777
381	1425
382	1452
382	1769
382	500
382	437
383	653
383	867
384	1873
384	1872
384	735
385	2183
385	671
385	2111
386	942
386	1729
386	1147
386	1028
386	1690
386	1808
386	673
387	1515
387	1342
387	2066
387	1731
387	886
387	1715
388	1097
388	1123
388	2137
388	2165
389	535
390	1963
390	934
391	805
391	1271
391	1222
391	965
391	1304
391	776
392	438
392	1101
392	499
392	1687
392	1059
393	1411
393	581
394	1935
394	1620
394	619
394	2150
395	1471
396	1308
396	1832
396	1208
397	1562
397	2230
397	1072
397	2292
398	1328
398	1273
399	1742
399	866
400	964
400	1171
401	1817
402	984
402	1944
402	2181
402	822
402	2301
403	994
403	1807
403	914
404	1821
405	863
405	1679
405	627
405	2027
406	778
406	729
406	1436
407	411
407	1609
408	2224
408	917
408	919
408	925
408	589
408	906
409	2244
410	910
410	1480
410	2051
411	800
411	1037
411	1633
412	2198
412	1575
412	678
412	1975
412	1849
413	761
413	988
414	723
414	514
414	1121
414	1280
414	585
415	1900
415	1778
415	2307
416	768
416	790
416	1593
416	2296
417	2046
418	1563
418	1106
419	1504
420	1848
421	1837
422	1071
422	1550
422	1931
422	1624
422	1317
423	632
423	1729
424	1862
424	1937
424	2115
424	1728
424	1942
425	943
425	909
425	2073
425	2214
425	2196
426	2275
426	1663
427	1796
427	643
427	2087
428	1043
428	1329
428	777
428	2282
428	1055
429	2223
429	1414
429	1330
429	1130
430	1164
430	2288
430	1900
430	1225
430	1589
430	1399
430	803
431	2210
431	641
431	653
432	1244
432	693
432	947
433	2155
433	2289
433	1116
433	866
434	2169
434	2134
434	1180
434	1479
434	824
434	774
434	1367
434	536
434	2295
436	1776
436	1321
436	871
437	1545
437	1561
437	2223
437	856
437	2119
438	2275
439	1622
439	2297
440	1904
440	1555
441	928
441	1956
442	1314
442	2286
443	447
443	704
444	1984
444	714
444	1128
446	2072
446	1810
446	801
446	942
446	764
447	1053
447	957
447	1199
448	2159
448	1972
448	1818
449	785
449	1364
449	1526
450	1899
450	1777
450	1358
451	1526
452	708
453	737
453	724
454	2261
454	1332
454	2128
454	519
455	1302
456	1636
456	630
456	746
457	1885
457	1440
458	1542
459	461
459	1441
459	772
459	1228
460	1247
460	531
461	2221
461	777
461	1710
461	475
462	1550
462	2091
462	845
462	1948
462	1163
463	1813
463	1170
463	1004
463	715
464	1639
464	1022
464	1070
465	493
465	995
465	1260
465	1689
466	1469
466	2092
466	2077
467	956
467	1667
467	2119
467	1868
468	1082
468	713
468	914
469	1843
469	1198
469	699
469	518
470	716
470	1630
470	745
470	1858
471	980
471	898
471	1344
471	1929
471	1699
471	1515
472	1845
472	1542
473	2026
473	1061
473	1975
473	2136
474	1269
474	1413
474	820
474	1314
475	2180
475	1350
475	705
475	1438
476	1990
476	1017
476	1105
476	2165
477	2032
477	1355
478	1848
478	2196
479	894
479	1256
480	2280
480	2241
480	1659
481	1221
481	1920
481	1030
481	2122
481	1663
482	1038
482	856
482	1525
482	1071
482	2289
483	2178
483	1490
483	1793
484	1251
484	1614
485	1892
486	1807
486	2097
487	1519
487	2096
488	1211
488	800
488	1791
489	1250
490	1040
490	930
490	2052
491	1583
491	1344
492	589
492	2067
493	1616
493	1535
493	1356
493	661
493	1706
494	754
494	1615
495	1311
496	2201
496	2012
496	849
496	2148
496	2129
496	738
496	2269
497	1539
497	945
497	1426
498	579
499	1404
499	2221
499	2141
499	2122
499	2023
500	1341
500	1924
500	1982
500	1938
500	1505
500	556
500	670
501	921
501	917
501	1854
502	1438
502	863
502	1352
502	1442
503	1118
503	1580
503	1364
503	1231
504	1233
504	866
504	2197
505	2017
505	1297
505	1351
505	1624
506	1417
507	1131
507	1179
508	1219
508	1087
509	1887
509	1621
509	1818
509	1795
510	1445
510	1008
510	1209
511	1160
511	1675
512	1137
513	2089
513	1811
514	1272
514	1749
515	1115
515	1732
515	2009
515	1453
516	1203
516	1156
516	1916
517	1303
517	529
517	1430
517	2270
518	1309
518	832
518	777
519	2083
519	587
520	1992
520	2214
520	1140
521	1941
521	570
522	1610
522	802
522	1436
523	1288
524	1251
524	1969
524	1263
524	1546
525	2043
525	1681
525	728
526	1191
526	624
527	799
527	1350
527	2258
527	1744
527	888
528	1459
528	945
529	1173
530	1716
530	899
530	659
530	775
531	1738
531	1063
532	1429
533	682
534	1648
534	1993
535	1090
535	1781
536	1182
536	942
536	1223
537	1254
537	2150
538	1365
538	1585
539	2224
539	1340
540	1146
540	1937
540	1629
540	869
541	1065
543	2012
543	1217
543	1046
543	1126
544	998
544	787
544	1377
545	1314
545	1759
545	2189
545	1403
545	1220
546	1210
546	1918
547	801
547	1332
547	1773
548	677
548	2162
549	894
549	1296
549	2158
549	1549
550	648
550	1746
550	581
550	2164
551	2041
551	932
551	1646
551	2140
551	1805
551	2048
553	1723
554	1649
554	2247
555	1022
555	1873
555	1820
556	1046
556	1324
556	1196
556	808
556	1360
557	1541
557	1889
558	2033
558	1242
558	1974
558	1152
558	1808
559	2125
559	863
559	1203
559	1838
559	1456
561	1947
561	1034
561	2077
561	1230
562	607
562	2039
562	996
562	1039
563	1659
563	1507
563	937
563	2245
564	692
565	1385
565	2070
566	1838
566	954
567	2139
568	2164
568	1972
568	875
569	824
569	1155
570	1157
570	787
570	1994
570	973
571	740
571	1050
571	2043
572	1380
572	623
572	1679
572	1521
572	1398
572	1926
572	780
573	1240
573	1024
573	2154
573	1145
574	1466
574	2329
575	1919
575	634
575	746
576	2331
576	1806
576	2242
576	1254
576	1502
577	993
577	1540
577	1037
578	617
578	1442
578	2171
578	800
579	1670
579	2155
579	1647
579	2323
579	1993
579	1960
580	1482
580	1440
581	2314
581	2255
582	2253
583	2235
583	1988
583	1316
583	1707
584	1264
584	1781
584	1769
584	1008
584	1791
585	1339
585	1005
585	1468
585	1582
586	2124
587	907
587	1257
587	1733
588	2061
588	1166
588	1237
589	2331
589	1540
590	1439
590	2157
591	1313
591	1380
592	1263
592	2122
592	613
592	2036
592	1240
593	1241
593	1074
594	1041
595	1745
595	1083
595	2200
596	785
596	1694
598	1906
598	1629
598	1487
598	1084
599	1896
599	1736
600	1067
600	1204
601	762
602	1983
602	626
602	1055
603	2050
604	1049
604	1945
604	1893
604	1280
605	1189
605	1519
606	1415
606	984
606	848
606	713
607	922
607	1309
607	1139
607	1358
608	800
608	2068
608	1684
609	968
609	989
610	1494
610	1694
610	839
610	1608
611	815
611	2078
612	2324
612	2204
614	1540
614	968
615	1846
615	1644
615	1137
615	1823
616	922
616	1571
616	811
616	1856
616	645
617	1331
617	1336
618	1232
620	1218
621	1745
621	1654
621	2335
621	1813
622	1008
622	770
623	1864
623	1044
623	1308
623	969
624	813
627	1268
628	1099
628	778
628	1593
628	1410
628	2266
629	802
631	1947
631	1392
631	1808
631	1556
632	1136
632	1368
633	2066
633	977
634	1163
634	1365
635	1517
635	1168
636	1717
636	1503
636	1584
636	2205
636	2176
636	2328
636	1019
637	1376
637	2172
637	1184
637	2227
638	883
639	737
639	1428
640	725
641	1317
641	858
642	965
642	1352
642	734
643	1216
644	770
644	1916
645	1206
645	2089
645	2324
645	1970
646	2129
646	2077
647	908
647	1634
647	1568
648	885
649	2171
649	1294
649	1697
649	1178
649	2164
649	1682
650	1927
650	1220
651	2253
651	1053
652	1725
654	1957
655	1069
656	1975
657	1215
658	2145
658	1110
659	1304
660	666
660	1810
660	2029
661	816
661	2049
661	1660
661	1061
662	1887
662	2020
662	1594
662	1048
662	713
662	663
662	2271
663	1506
663	1519
663	1193
665	2139
665	1644
665	1616
666	1269
666	857
667	775
668	894
668	895
670	1427
670	804
670	1901
670	880
670	935
670	2037
670	893
670	1073
671	1704
672	787
672	1433
672	851
672	1329
672	1127
673	948
673	1538
673	1354
673	1939
673	938
673	1262
674	1599
674	702
674	1137
675	1974
676	1390
676	882
676	2249
676	837
677	1615
677	2082
677	1731
678	1845
678	826
678	1427
678	817
679	2238
679	1884
679	1197
680	1771
680	930
680	892
681	833
682	2216
682	1889
683	1220
684	1469
684	2070
685	711
685	2103
685	1176
685	1128
685	1318
686	1875
686	1411
686	1718
687	1173
687	1211
687	1824
687	2255
687	976
687	1916
687	1527
688	1054
689	1608
690	1369
690	1303
691	693
691	1878
692	1421
693	1618
693	1554
693	2033
694	1906
695	1898
695	855
696	1206
697	1478
697	728
697	1673
697	722
698	1987
700	1301
700	1498
701	1717
701	1062
701	1422
701	1772
703	1928
703	1447
703	2084
704	2122
705	2142
706	2043
706	1710
706	1709
706	1273
707	857
708	1505
708	1512
708	1026
708	1564
708	2331
708	2126
709	1483
709	1286
709	1048
710	1075
710	1425
711	1670
712	816
712	1667
712	2245
712	1980
713	1723
713	1054
713	2071
714	865
714	883
714	1832
715	1020
715	2091
715	1475
716	1593
717	1814
717	1277
718	1247
718	854
719	838
720	1866
721	1021
721	2226
721	760
723	2043
723	2057
723	1607
725	1315
725	823
726	2136
726	1642
726	1931
727	2123
727	1725
729	1477
729	1536
730	786
730	1366
730	2025
730	1749
730	1232
730	902
731	2092
731	1419
732	1638
733	909
734	1447
734	2121
734	1435
735	1963
735	1399
735	2260
735	1361
736	2054
737	1801
737	2225
738	1716
739	1290
740	1766
740	772
740	934
741	2310
741	1531
741	1058
741	767
741	1187
742	1766
742	960
743	898
743	1503
743	1324
743	1894
743	1876
746	1740
746	1642
746	1463
746	990
747	1084
748	1079
748	1359
748	2222
749	2212
750	2163
750	1343
750	948
752	2320
753	1625
753	1672
753	1653
753	2243
753	2160
754	779
754	800
755	1727
756	1168
756	842
757	1365
757	1654
757	1768
758	881
758	2223
759	1630
760	969
760	2205
760	1351
760	1991
761	1478
762	2102
762	1100
762	835
762	1092
763	2237
764	1441
764	1594
764	979
765	1726
765	975
766	1509
767	2102
767	1901
767	1168
768	2315
768	1782
768	1664
768	1842
769	1655
769	1715
771	2070
771	1456
771	2284
771	1437
772	1545
772	1508
772	2302
773	1890
774	1718
774	1322
775	1567
775	1094
776	1443
776	1992
777	2298
777	1233
777	1946
778	1593
779	1883
780	1486
780	2288
780	1309
780	1832
781	1971
781	1799
781	2303
783	1771
783	798
783	1625
783	2160
783	1273
784	1171
784	2287
784	924
785	876
785	1095
785	1013
785	1633
786	1600
787	1200
787	1817
787	1199
787	2108
788	923
789	2106
789	1078
790	2271
791	1454
792	1774
792	1754
793	1013
794	936
794	1763
794	1897
795	1367
795	2172
795	1597
795	1680
795	855
796	2024
796	2302
796	968
796	908
796	1726
797	2084
798	2047
800	1383
800	1544
801	1817
801	987
802	1843
802	1194
805	1314
805	1144
805	1120
805	2323
805	1980
805	1518
806	1173
806	1123
808	2265
808	1416
808	2217
809	1345
810	941
810	1094
810	1803
810	997
810	1905
810	1333
810	1930
812	894
813	1280
813	2022
813	1203
813	1987
814	1201
814	1106
814	2286
815	1160
815	1678
816	1328
816	1516
816	2143
816	849
818	931
818	1861
819	2067
819	1856
819	1855
820	2102
821	2015
823	1620
824	1738
824	1659
824	1098
824	1968
825	2140
825	1374
826	1552
826	882
826	961
826	913
827	1614
827	2130
828	1170
828	1984
828	2203
829	1817
829	850
830	1606
830	1034
831	2041
832	1590
832	1255
832	1657
833	897
834	2284
834	2339
834	2336
834	1054
835	1703
835	2116
836	1371
836	1516
836	2268
837	1294
837	1497
837	2086
838	1112
839	1046
840	2022
840	2225
840	2071
840	1999
841	1339
842	1193
842	2053
842	1317
842	1369
842	1535
842	1191
843	1659
843	1624
843	2027
844	1981
845	1305
845	2148
846	1315
846	2120
846	961
846	1658
848	1584
848	1528
848	1449
849	1809
849	1035
849	2323
850	1796
850	1285
850	1346
850	2303
850	1259
851	1215
851	965
851	1097
851	1671
852	1615
852	1874
853	1828
853	1418
853	2216
856	1435
856	2313
857	1612
858	2255
858	1943
858	1259
859	1142
859	905
859	1936
859	2144
860	1321
860	2141
860	1744
862	954
862	1123
862	1018
862	2336
863	1336
864	1515
864	2276
865	2233
865	1000
865	2008
865	1117
865	2011
866	1741
866	1022
867	2070
868	1967
868	1875
869	1654
869	2032
869	1284
870	2105
871	1624
872	1345
873	2204
874	2026
874	1162
875	1905
875	1249
875	2004
876	1933
876	2333
877	1926
877	982
878	1549
879	1338
880	2201
880	1223
880	1384
880	1111
881	983
881	1816
881	2132
882	1273
882	1379
882	1090
883	2335
883	1518
884	2179
884	1525
885	1995
885	1758
886	2058
887	1683
888	1736
888	1192
888	1462
888	1558
889	1200
889	1314
889	1860
889	1219
889	1663
890	1425
890	1651
890	1033
890	915
890	2088
891	1864
891	1771
891	1518
891	1959
891	1412
891	1645
892	2159
893	1872
894	926
894	1124
894	1302
894	1089
896	1819
896	1746
897	1755
897	1215
899	1267
899	2103
899	1350
899	2290
899	1292
899	1699
900	1281
900	1134
900	1173
900	2055
901	1326
902	2213
902	1312
903	1640
903	2215
903	2132
903	1867
903	2060
903	1081
904	2248
904	1585
905	1449
905	2254
905	1560
906	1235
906	1470
906	1817
906	1797
907	1551
907	1141
907	1388
907	1484
908	2176
909	2329
910	2252
911	2119
912	2116
912	2035
912	2074
913	2133
914	1009
915	1091
915	1151
915	1910
915	2264
915	1544
916	921
918	1490
918	2100
918	2021
919	1889
919	1458
920	1613
921	2245
921	2065
921	1635
921	2189
921	2231
921	1110
922	1108
922	2120
922	1722
922	989
923	1368
923	1260
923	2183
923	1486
923	1485
924	1264
925	1194
926	993
927	2199
927	2036
927	1482
928	2243
928	2196
928	1075
929	1493
929	1156
929	1757
929	1921
930	2050
931	2323
931	2188
932	2089
933	1952
933	1034
933	1601
933	935
934	2237
934	1673
935	960
935	2145
935	1388
936	2233
936	1445
936	1033
937	2009
937	1844
938	1040
938	1457
938	2104
939	941
939	1401
939	1638
940	1104
940	1991
941	989
941	1008
941	1142
941	1038
943	1501
943	1519
943	1281
944	1360
944	1795
944	1312
945	1974
946	1100
946	999
947	1133
948	1852
948	1748
948	1908
948	1186
948	1684
948	1021
949	1839
949	1592
949	1251
949	1714
950	1908
950	1015
951	2236
952	1745
952	2157
952	1755
952	1459
953	2084
953	2069
954	1362
954	2109
955	1551
955	1693
956	1640
956	1903
957	1141
957	1259
957	1952
958	2202
958	1043
959	2260
960	2296
962	1420
962	1733
963	971
963	1644
964	1082
964	1594
964	1237
964	1086
965	1724
965	1822
966	1347
967	1933
968	1555
968	1123
968	1283
968	1307
969	1440
970	1966
970	2102
971	1141
971	2201
971	1683
971	1472
971	1190
972	1858
972	1490
972	2182
972	1287
973	1377
974	1745
975	1457
975	2316
975	1902
976	1351
977	1054
977	1248
978	2125
978	987
979	1416
979	1536
980	1901
980	2321
980	1662
980	1909
980	1164
981	2187
982	1954
982	2160
982	2094
983	1877
983	1884
984	1773
984	1069
985	1315
985	1067
985	2174
985	1691
985	1987
986	2186
987	1080
987	1623
988	1447
989	1894
991	2221
991	1664
991	1753
991	1790
992	2319
992	1024
993	1737
993	2057
993	2032
994	1024
996	1453
999	1483
999	1724
999	2093
1000	1947
1000	2128
1000	1707
1001	1764
1001	1127
1002	2183
1002	2100
1003	2327
1004	1027
1005	2161
1005	2172
1005	2240
1006	1923
1006	1166
1006	2084
1006	1253
1006	1116
1007	2151
1008	1182
1008	2306
1009	1658
1009	2266
1009	1449
1009	1547
1009	1331
1009	1361
1010	1780
1011	1968
1011	1047
1013	1256
1013	2121
1014	1343
1015	1559
1015	1203
1015	1900
1016	1347
1017	1906
1017	1908
1017	2055
1017	1558
1017	2183
1017	2009
1017	2004
1018	1294
1018	1404
1020	1545
1021	1610
1021	1959
1021	1414
1021	1371
1021	1264
1023	1534
1025	1221
1025	1468
1025	1112
1026	1782
1027	1249
1028	1044
1028	1302
1028	1989
1029	1465
1029	1689
1029	1790
1029	1867
1029	1701
1030	2283
1030	2272
1031	2027
1031	1427
1031	2198
1032	2159
1034	1716
1034	1088
1035	1872
1035	1636
1035	2123
1035	1839
1036	1349
1036	1791
1036	1332
1037	1176
1037	1925
1037	1537
1037	2147
1038	2017
1041	2107
1041	1460
1041	2144
1041	1582
1042	1819
1042	1401
1042	1706
1042	1395
1043	1240
1043	1371
1044	1500
1044	1609
1045	1864
1047	1761
1047	1418
1047	2107
1048	2168
1048	2282
1048	2179
1048	1972
1051	1535
1051	2057
1051	2338
1052	1365
1052	1996
1052	2287
1052	1595
1053	1192
1053	2028
1054	1292
1054	1161
1057	1925
1057	1523
1057	2273
1058	1884
1060	1756
1060	1721
1060	1338
1061	1783
1062	1446
1063	1789
1064	1807
1064	2122
1065	1891
1065	1715
1066	1398
1066	1171
1066	1552
1067	2270
1068	1311
1068	1526
1069	1246
1069	1931
1069	2025
1070	2045
1070	2293
1070	1232
1070	1534
1071	1765
1071	1781
1073	2120
1073	2328
1073	2071
1074	1360
1075	1230
1075	2317
1075	1348
1077	1307
1077	2260
1078	1881
1078	2303
1080	1468
1080	1807
1081	1194
1081	1090
1082	2181
1083	2029
1083	1691
1083	1345
1084	2016
1084	1221
1085	1927
1086	1104
1086	2143
1086	1733
1087	1831
1088	1407
1088	1657
1089	1266
1090	1682
1092	2327
1092	1534
1093	1878
1093	1811
1094	1790
1094	1871
1094	1393
1096	1287
1096	1943
1097	1777
1098	1407
1099	2186
1099	1458
1100	2056
1100	1472
1100	2332
1102	2001
1102	1702
1103	1242
1103	1784
1103	2013
1103	1489
1106	1712
1106	1791
1106	2109
1106	1966
1106	1188
1106	1796
1107	1484
1107	2095
1108	1649
1108	1469
1109	1391
1109	1968
1109	2232
1109	1288
1109	1409
1109	1131
1110	1946
1111	1786
1111	2078
1111	1572
1112	1421
1112	1842
1113	1125
1113	1875
1113	2080
1114	1754
1114	2013
1115	1530
1115	1882
1115	1196
1116	1207
1116	1455
1118	2089
1118	1866
1118	1782
1118	2162
1118	1336
1118	1674
1119	1517
1121	1417
1121	1847
1122	1252
1122	2149
1122	1988
1123	1222
1124	1872
1124	1756
1124	1357
1125	1814
1125	2122
1125	1478
1125	2277
1127	1500
1128	1815
1129	1354
1129	2339
1130	1696
1132	1426
1132	1700
1132	1589
1133	1276
1135	1144
1135	1791
1138	1519
1139	2274
1139	2319
1139	1675
1141	1529
1141	1194
1143	1547
1143	1970
1144	1484
1147	1630
1148	2038
1149	2158
1149	2140
1149	1525
1150	1495
1152	1586
1152	1810
1152	1987
1152	1745
1153	2175
1154	1481
1154	1395
1155	1798
1156	1643
1156	2290
1157	1626
1157	1888
1157	1336
1159	1471
1160	2040
1161	1491
1162	2080
1162	1703
1163	1217
1163	1474
1163	2196
1164	2071
1165	2063
1165	2162
1165	1710
1165	2308
1166	1880
1167	1804
1167	2170
1168	1864
1169	2280
1170	1343
1170	1279
1171	1635
1171	2340
1171	1614
1172	1488
1172	1937
1173	1593
1173	2326
1173	1221
1174	1476
1174	2004
1175	1885
1175	1811
1175	1408
1177	1181
1178	1234
1178	1737
1178	1247
1179	2179
1179	1846
1180	1791
1181	1666
1183	1942
1183	1828
1183	1485
1183	1259
1185	2311
1186	1537
1187	1303
1187	1425
1188	1301
1188	2220
1188	1350
1189	1538
1189	1359
1189	1398
1189	1270
1190	1968
1190	1951
1191	2192
1191	1553
1193	2067
1193	1696
1193	1675
1194	1430
1194	1649
1195	2046
1195	1407
1195	1651
1195	1487
1195	1455
1198	1877
1198	2201
1200	1940
1200	1508
1201	1654
1202	1446
1203	1987
1203	1237
1203	1472
1204	1310
1204	2106
1204	1892
1205	1964
1205	1428
1205	1306
1206	2184
1206	1725
1206	1676
1207	1416
1207	1456
1207	1255
1208	2210
1211	1404
1212	1698
1213	1790
1214	1829
1215	2282
1216	1723
1217	1410
1218	1622
1219	1306
1219	2247
1219	1477
1220	2114
1221	1225
1221	2077
1221	1937
1222	1856
1222	1541
1224	1737
1225	1918
1226	2168
1226	1606
1227	1482
1228	1760
1228	2258
1228	1800
1228	1596
1228	1693
1229	1699
1229	1448
1230	1381
1230	1250
1230	1355
1230	2143
1230	2334
1230	1552
1231	2006
1231	1606
1232	1300
1233	1778
1233	2227
1235	1408
1235	1845
1235	1650
1236	2014
1237	1441
1237	1261
1238	1557
1238	1764
1238	1547
1239	1422
1239	1961
1240	1448
1240	1472
1241	1465
1241	2321
1242	2152
1242	1976
1243	1379
1244	2199
1244	1460
1244	2022
1245	1270
1245	1781
1245	1434
1246	1261
1247	1483
1248	1844
1248	2250
1249	2289
1250	1986
1250	2085
1250	2302
1251	2241
1252	1548
1252	2050
1253	1716
1254	1448
1256	1566
1256	1939
1256	1444
1257	1382
1257	2116
1258	1345
1258	1284
1258	1464
1258	2045
1260	1912
1260	1578
1261	1931
1261	1646
1262	1403
1265	1448
1266	1460
1266	1417
1267	1290
1267	2155
1267	1791
1267	1890
1268	1886
1268	1513
1269	1882
1270	2202
1272	1869
1273	1377
1273	1917
1273	1327
1274	1904
1275	2327
1275	1318
1276	1553
1276	1609
1277	1565
1278	1805
1280	2047
1280	2200
1280	1484
1280	1718
1281	2251
1281	2130
1281	2002
1281	2190
1282	2176
1283	1551
1285	1430
1285	1810
1285	2170
1285	1898
1285	1787
1286	1303
1287	2275
1287	2059
1287	1959
1288	1565
1289	1409
1290	1761
1291	1364
1291	2340
1292	1567
1292	2275
1292	1399
1292	1564
1294	1833
1294	1702
1294	1771
1294	1807
1295	2197
1296	1336
1296	1454
1296	2266
1296	1600
1296	2323
1297	1841
1297	1667
1298	2170
1299	2342
1299	1894
1299	2158
1299	1512
1300	1626
1300	1543
1301	1998
1301	1922
1302	2089
1303	1520
1303	2258
1303	2222
1304	1759
1304	1448
1305	1383
1305	2060
1305	1596
1306	1409
1306	1889
1307	1632
1309	1628
1309	1767
1310	2117
1311	1663
1311	1460
1312	1372
1313	1555
1314	2146
1314	1751
1315	1709
1315	1985
1316	1606
1316	1733
1316	1418
1320	1846
1320	2241
1321	1482
1322	1608
1323	1574
1324	1412
1325	1849
1328	1376
1328	2184
1329	1463
1329	2131
1330	1858
1331	2266
1331	2160
1333	1450
1334	1748
1334	1554
1334	2179
1335	1945
1335	1887
1336	1368
1336	1453
1337	1353
1338	1723
1339	1974
1339	2075
1339	2283
1342	1677
1342	1497
1343	1434
1343	2016
1343	1899
1344	1652
1344	1503
1344	1413
1344	1780
1345	2275
1348	2100
1348	1642
1349	1865
1351	1475
1351	2270
1352	1992
1352	2147
1354	1887
1354	2064
1354	2006
1355	2023
1355	2013
1356	1790
1356	1817
1356	1862
1357	1370
1358	2068
1358	1588
1358	2342
1358	1415
1359	1736
1360	1451
1360	1780
1360	1582
1362	2123
1362	1742
1363	1830
1364	1779
1364	2137
1364	1638
1366	1437
1366	2138
1366	1680
1367	1436
1369	1588
1370	1535
1371	2053
1371	1527
1372	1920
1373	1840
1375	1709
1375	1390
1376	2125
1377	2323
1377	1684
1377	1720
1379	2167
1380	1652
1381	1471
1381	1407
1381	2088
1382	1862
1382	1879
1382	1698
1383	1393
1385	2222
1386	2135
1386	1399
1388	1565
1388	1699
1389	1929
1390	2062
1391	2233
1391	2084
1393	1816
1393	1754
1393	2302
1394	1638
1394	1808
1395	1783
1395	2272
1396	2036
1396	1495
1396	1397
1396	1865
1397	1880
1399	2161
1399	2142
1400	1514
1402	1962
1403	2306
1404	2190
1404	2189
1405	2284
1405	1629
1406	1494
1407	2188
1408	2253
1410	2180
1411	2159
1412	1848
1412	1726
1412	1858
1413	2157
1414	1868
1414	1762
1417	1836
1420	1472
1423	1954
1423	1909
1423	2093
1423	1606
1424	1611
1424	1927
1425	2329
1425	1817
1426	1827
1427	1524
1428	1808
1431	1665
1433	1648
1434	1957
1435	1496
1435	2079
1435	1528
1436	1690
1437	2093
1437	1723
1438	1442
1438	1982
1439	1494
1439	1903
1440	2081
1441	1794
1441	1724
1442	1929
1443	1972
1445	1821
1445	2016
1445	1944
1446	2052
1446	1636
1447	1718
1447	1700
1448	2056
1449	1759
1449	1600
1450	2057
1451	2118
1451	2051
1453	1546
1454	1690
1454	1455
1455	1683
1455	2069
1457	1651
1457	1586
1458	1896
1458	2252
1458	2057
1459	2212
1460	1979
1460	2293
1461	2162
1461	1798
1461	1728
1462	1625
1463	2226
1463	2314
1465	2075
1466	2195
1468	1738
1468	2294
1468	1578
1470	1956
1470	2024
1470	2216
1470	2194
1470	1490
1471	1875
1471	1692
1472	1495
1472	1859
1474	1622
1474	1545
1476	1483
1476	1534
1478	1856
1480	2072
1481	1540
1482	2156
1482	2339
1482	1656
1485	1496
1486	1888
1489	1546
1489	1803
1490	2106
1490	2187
1492	1835
1492	1610
1492	1898
1492	1545
1493	1675
1493	1702
1494	1916
1495	1832
1495	1564
1495	1640
1496	2160
1496	1711
1497	2025
1499	1869
1499	2211
1499	1694
1502	1532
1504	2210
1508	2222
1508	1652
1508	1838
1509	1628
1509	1726
1509	1981
1512	2158
1513	1655
1513	2190
1513	1522
1514	1962
1514	2277
1515	2321
1517	1995
1519	1560
1519	1591
1519	1749
1522	1765
1523	2295
1523	1972
1524	1890
1525	2150
1525	1645
1526	2197
1526	2284
1527	2270
1527	1545
1528	1757
1528	1947
1529	2170
1530	2277
1531	1910
1531	1752
1532	2031
1532	2085
1532	1545
1532	2007
1532	2127
1533	1724
1533	1681
1534	1793
1534	1763
1534	1759
1535	1740
1535	2063
1536	1901
1537	2270
1538	2170
1541	1594
1541	2180
1542	1584
1542	2016
1542	2103
1543	2280
1543	2229
1543	2072
1544	1665
1545	2157
1545	1788
1547	1592
1547	2215
1548	1549
1548	2035
1548	1750
1549	1733
1549	1748
1550	1974
1551	1696
1552	1890
1552	2124
1553	2048
1554	1918
1554	2124
1554	1580
1554	1953
1555	1849
1555	1741
1556	1734
1557	1654
1558	1910
1558	1692
1559	1986
1559	2303
1559	1669
1560	1685
1560	1980
1564	1931
1566	2286
1567	1831
1569	2222
1570	1661
1570	1731
1573	1964
1573	2298
1576	2235
1576	2258
1577	2040
1578	2127
1578	2282
1578	2285
1579	1606
1580	1592
1580	1645
1580	2272
1581	2191
1581	2237
1582	1903
1582	2015
1582	1587
1582	2277
1583	2296
1583	1596
1583	1952
1584	1610
1585	2160
1585	1859
1587	1808
1588	1946
1589	2328
1592	2260
1594	2253
1594	2065
1594	1649
1595	2165
1595	1940
1597	2079
1597	1682
1597	1614
1598	1911
1598	2336
1599	2036
1600	2002
1603	1980
1604	2209
1604	2046
1604	2237
1605	1827
1605	1679
1606	2215
1607	2081
1609	2042
1610	1809
1611	1996
1613	2273
1614	1850
1614	2162
1615	1747
1615	2304
1616	2156
1617	1649
1617	2298
1618	1682
1618	1719
1619	1919
1620	1957
1620	1822
1621	1701
1621	1754
1624	1932
1626	1689
1627	2123
1627	1713
1627	2022
1628	2129
1628	2018
1630	1960
1630	2262
1631	2225
1632	1774
1632	1891
1634	2044
1636	1809
1636	1732
1637	2088
1637	1774
1638	1887
1639	2207
1640	1708
1640	1661
1640	2142
1641	2134
1641	1909
1641	2076
1642	1831
1643	2312
1643	1941
1646	2246
1649	1899
1649	2323
1650	1828
1651	2004
1651	1685
1652	1857
1654	1726
1655	1719
1655	1716
1656	1915
1657	1867
1657	2051
1660	1803
1660	2023
1660	2247
1662	1865
1664	2342
1665	1853
1665	1864
1667	1817
1668	2267
1669	1937
1669	1754
1670	2228
1672	2075
1673	1943
1673	2174
1673	2233
1673	1908
1674	2321
1674	1908
1674	2289
1675	1793
1677	1885
1677	2116
1679	1759
1679	2098
1679	1780
1680	1817
1681	1931
1686	2307
1687	1722
1689	1962
1690	2229
1692	2113
1693	1799
1703	1939
1703	1960
1704	2007
1704	1858
1705	2214
1707	2311
1707	2085
1708	2061
1708	2195
1708	1979
1710	2078
1710	2238
1711	2097
1711	2333
1712	1772
1712	2264
1714	1891
1714	2223
1714	1965
1715	1757
1716	1872
1718	1980
1721	2300
1724	2328
1724	2286
1726	1847
1730	1839
1730	2340
1731	1755
1733	2279
1734	1810
1735	2189
1736	1926
1738	1963
1738	2002
1738	2007
1738	2090
1744	1762
1751	2226
1752	1916
1754	2062
1754	2162
1754	2126
1755	2111
1756	2247
1756	2095
1757	2330
1757	1885
1762	1947
1762	2003
1763	1958
1765	2240
1767	1812
1767	2313
1769	2252
1769	2047
1770	1954
1770	2299
1771	1870
1773	1979
1774	2094
1774	2050
1775	2291
1776	1976
1776	1856
1778	2190
1778	2008
1779	2028
1779	2234
1779	1813
1779	1888
1780	1785
1781	1884
1785	1872
1787	2065
1790	2276
1790	1891
1790	2041
1791	2231
1792	1866
1792	2321
1793	1982
1793	2120
1794	1908
1794	2166
1794	2291
1795	2215
1796	1921
1796	2049
1797	2049
1798	2275
1800	2229
1800	2087
1802	2291
1804	2191
1805	2214
1807	2337
1808	2239
1809	1857
1809	2162
1811	2060
1812	2176
1814	1869
1814	1838
1817	2288
1819	1867
1819	2224
1822	2010
1822	2322
1823	2181
1823	2232
1823	2182
1827	2130
1827	2189
1830	2001
1831	1874
1834	1932
1837	2031
1837	1986
1840	2295
1842	1986
1845	1873
1846	2226
1846	2143
1850	2079
1850	2297
1851	2072
1851	2107
1853	2206
1856	2178
1857	1906
1858	1915
1860	2186
1861	1979
1864	2193
1866	1939
1870	2053
1872	2017
1875	2219
1877	2202
1880	2042
1880	1942
1881	2111
1883	2322
1884	2088
1885	2325
1885	2095
1886	2261
1888	2320
1888	2065
1889	2016
1890	2046
1891	2014
1892	2186
1892	2098
1893	1974
1893	2057
1894	1966
1895	2307
1896	2136
1900	2019
1907	2186
1907	2031
1908	2209
1912	2028
1912	2214
1914	2275
1915	2295
1920	1928
1921	2086
1921	1925
1924	2029
1924	2136
1925	2003
1927	2208
1927	2170
1928	2235
1931	2138
1932	2249
1933	2006
1934	2143
1935	2173
1937	1942
1938	1975
1939	2058
1940	2138
1942	1992
1942	1978
1943	2293
1944	2007
1945	2165
1947	2120
1948	2193
1950	1958
1950	2082
1957	2314
1957	2153
1960	2192
1964	2297
1965	2222
1965	2248
1966	2043
1967	2189
1970	1978
1971	2235
1973	2033
1974	2183
1976	2077
1979	2294
1980	2261
1980	2216
1981	2025
1985	2058
1985	2111
1986	2309
1991	2086
1992	2146
1995	2331
1996	2099
1997	2322
2000	2336
2000	2031
2004	2106
2008	2321
2008	2223
2010	2238
2010	2098
2015	2147
2016	2054
2017	2116
2018	2178
2021	2121
2022	2206
2022	2056
2024	2049
2026	2063
2029	2185
2030	2242
2031	2088
2034	2123
2035	2266
2035	2039
2036	2112
2039	2148
2041	2270
2041	2317
2042	2300
2048	2320
2050	2197
2056	2103
2061	2107
2065	2277
2065	2210
2066	2100
2068	2289
2069	2246
2069	2307
2070	2290
2070	2295
2072	2243
2075	2218
2076	2248
2077	2219
2077	2212
2078	2282
2083	2202
2084	2244
2091	2152
2091	2293
2092	2146
2092	2116
2094	2242
2099	2283
2102	2103
2104	2257
2107	2248
2108	2222
2111	2231
2112	2241
2112	2294
2119	2235
2122	2140
2128	2199
2128	2248
2134	2136
2136	2263
2137	2271
2138	2261
2142	2203
2150	2336
2152	2294
2155	2267
2160	2218
2164	2171
2164	2341
2165	2259
2167	2281
2177	2291
2178	2179
2184	2313
2187	2305
2199	2280
2205	2214
2230	2306
2253	2327
2254	2276
2255	2268
2260	2321
2264	2293
2265	2334
2273	2274
2277	2291
2278	2335
2312	2333
2316	2324
