0	2140
1	2453
2	2169
3	2250
4	2108
5	2456
6	2498
7	2354
8	2501
9	2210
10	2502
11	2367
12	2471
13	1619
14	2087
15	2492
16	2415
17	1963
19	2503
20	2489
21	2503
22	2503
23	2247
24	2479
25	2503
27	2052
28	2502
29	2454
31	2503
32	1828
34	2427
35	1305
36	2201
37	1990
38	2447
39	2472
40	2493
41	2496
42	2503
43	1298
45	2485
47	2501
48	2426
49	2501
50	2503
51	2358
52	2503
54	2494
55	2501
56	2502
59	2382
61	2265
62	2503
63	2503
64	1868
65	2408
66	2503
67	2464
68	2086
69	2503
71	2256
74	2503
75	1569
76	2303
77	2433
78	1660
79	2501
80	2503
82	2502
83	2501
84	2502
85	2501
86	2503
87	2503
88	2501
89	2503
90	2452
91	1649
92	1932
93	2375
94	2503
95	2501
96	2453
97	2378
98	2487
99	2274
100	2495
101	2364
102	2009
103	2503
105	2341
106	2114
107	2424
108	2485
109	2500
111	2503
112	2169
113	2343
114	2503
115	2427
116	2501
117	2479
119	2480
120	2487
121	1782
122	1300
123	1849
125	2252
126	2501
127	2078
128	2500
130	1389
131	1740
132	2150
133	2488
134	2312
136	2502
137	2297
138	2470
139	2454
140	2058
141	2003
142	2300
143	2053
144	2501
145	2502
146	2354
147	2502
148	2428
149	2304
151	2503
152	2372
154	2502
155	2465
156	2503
157	1723
158	2503
159	1892
160	2501
161	2503
162	2392
163	2503
164	2379
165	2481
166	2503
167	2256
168	2500
169	1815
171	2503
172	1604
173	1702
174	2375
175	2503
176	2160
177	2503
178	2353
179	2503
180	2032
181	2327
182	2503
183	2457
184	2070
185	2396
186	2248
187	2503
188	2350
189	2307
190	2167
191	2395
192	2502
194	2503
195	2029
196	2385
197	2394
198	2368
199	2242
200	2503
201	2340
202	2376
204	2386
207	2503
208	2408
210	2249
211	2431
212	2485
214	2464
215	2503
216	2501
217	2503
218	2494
219	2448
220	2439
222	2387
223	2494
224	2192
225	2466
226	2486
227	2088
228	2434
229	2503
230	2503
231	2502
233	1656
234	1904
235	2401
236	2503
237	2366
238	2403
239	2501
240	2489
241	2456
242	2051
243	2498
244	2503
245	2500
246	2503
247	2424
248	2050
249	2458
250	2015
251	2402
252	2038
253	2322
254	2503
255	2478
256	2095
258	2500
259	2174
260	2057
261	2017
262	2487
264	2503
266	2502
267	2414
268	1923
270	2483
271	2353
272	2503
273	2502
274	2501
275	2502
276	1670
278	2502
279	2457
280	2503
281	2503
282	1646
283	2427
284	2502
285	1937
286	2503
287	2503
289	2502
290	2401
291	2382
292	2392
293	2503
294	2500
295	1338
296	2366
297	2068
298	2502
299	2503
300	1381
301	2088
302	2100
304	1369
306	2349
307	2499
308	2299
309	1954
310	2503
311	2490
312	2468
313	2503
314	2218
315	2467
317	2205
318	2369
319	2503
320	2503
321	2418
323	2475
324	2503
325	2502
326	2503
327	2503
329	2502
330	2323
331	2503
332	2503
333	2503
334	2415
335	1780
337	1339
338	2492
339	2344
340	1863
341	2234
342	2502
343	2501
344	2399
346	1437
347	2363
348	2488
349	1871
350	2501
351	1844
352	2502
354	2022
355	2446
356	1741
357	2503
358	2469
359	2336
360	2498
361	2503
363	2401
364	1587
365	1674
366	2502
367	2503
368	1444
369	2385
370	2463
371	2501
372	1334
373	1872
374	1874
375	2502
376	2308
378	2475
380	2458
381	1588
382	2502
383	2480
384	2343
385	2502
386	2501
387	2502
388	1765
389	2499
390	2502
392	2362
393	2292
394	2228
395	2180
396	2503
398	2503
399	1315
400	2503
401	2421
402	2204
403	2216
404	2254
405	2503
406	2502
407	2447
408	2503
409	2501
410	2433
411	1960
412	2501
413	2171
414	2411
415	2339
416	2378
417	2503
418	2502
419	2492
421	1607
422	2503
424	2500
425	2062
426	2497
427	2503
428	2347
429	2502
430	1553
431	2499
432	2502
434	1575
435	2503
437	2442
438	2499
439	2394
440	2502
441	1907
442	2503
443	1527
444	2484
445	2452
446	2452
447	2142
448	2405
449	1386
451	2329
452	1534
453	2165
454	2500
455	2503
456	2486
458	2483
459	2503
460	2272
461	2503
462	2380
463	2502
464	2413
465	2201
466	2127
470	2502
471	2418
472	2132
474	2019
475	2157
476	2478
477	2437
478	1308
479	2502
480	1663
481	1643
482	2249
483	2502
484	2131
485	2402
486	2011
487	1671
489	2277
490	2018
491	2475
492	2503
493	2471
494	2492
495	2486
496	2160
497	2200
499	1425
500	1498
501	1622
502	1582
503	2115
504	2503
506	2177
507	2493
508	2503
509	2503
511	2370
512	2431
513	2074
514	2129
515	2503
517	1454
518	2503
519	2024
521	2338
522	2473
523	2486
524	2503
525	2195
526	2369
527	2377
529	2502
530	2503
531	2481
532	2503
533	1429
534	2503
535	1508
537	2503
538	2502
539	1831
540	2503
541	2500
542	2445
543	2440
544	2140
545	2503
546	2502
547	2420
548	2263
549	2502
550	2503
551	1337
552	2477
553	2473
554	2445
555	2502
556	2474
558	1612
559	2411
560	2203
561	2501
563	2257
564	2503
565	2475
566	2501
567	2503
568	2319
569	2271
570	2503
571	2376
572	2134
573	2502
575	2476
576	2503
577	1423
578	2431
579	2459
581	1934
582	2502
584	2503
585	2503
586	2503
587	2429
588	1501
589	2501
590	2502
591	2152
593	2287
594	2491
598	2498
599	2502
600	2503
601	1590
602	2497
603	2379
604	2501
605	2418
607	2499
608	1830
609	2026
610	2503
611	2489
612	2503
614	2503
615	2503
616	2501
617	1708
618	2183
619	2503
620	2366
621	2400
622	2503
624	2503
625	2503
626	2503
627	2477
628	1491
629	2349
630	2430
631	1576
632	2503
633	2473
634	2153
636	2167
637	1378
638	1933
639	2503
640	2501
641	2446
642	2471
643	2365
644	2428
645	2502
647	2478
648	1777
649	2503
650	2301
651	1894
652	2386
653	2503
654	1427
655	2495
656	2332
657	1928
658	1866
659	2424
660	2503
661	2502
662	1804
663	2468
664	2211
665	2503
667	1392
668	2500
669	2377
671	2360
672	2503
674	2458
675	2503
676	2455
677	2073
678	2373
679	2502
680	2502
681	2501
682	2321
683	2503
684	1897
685	1926
686	2503
687	2163
688	2491
689	2503
690	2145
691	2149
692	2498
693	2377
694	1905
695	2276
697	2502
698	2186
699	1837
700	1706
701	2491
702	2444
704	1999
705	2181
706	2484
707	2486
708	2254
710	2472
711	2448
712	1966
714	2487
715	2502
716	2363
717	2503
718	2422
719	2236
721	2153
722	2503
723	1461
724	2406
725	2503
726	2480
728	2415
729	2503
730	2502
731	2465
733	2412
734	2348
735	1945
736	2313
737	1772
738	2422
739	2498
740	2489
741	2499
742	2040
743	2502
744	1727
745	2236
746	2218
747	2501
748	2099
749	2225
751	1704
752	2314
754	2345
755	2503
756	2503
757	2468
758	2397
759	2503
760	2503
761	2474
762	2158
763	1750
764	1405
765	2177
766	2501
768	2360
770	1730
771	2503
772	2501
773	2503
774	2321
775	2021
776	2069
777	2503
778	2305
779	2501
780	2470
781	2495
783	2161
784	2111
785	2468
786	2503
787	1819
788	2503
789	1763
790	2502
791	2502
792	2030
793	2373
795	2440
796	2316
797	2352
798	2400
799	2480
800	2336
801	2380
802	2476
803	2252
804	2503
805	2502
806	2503
807	2447
808	1470
809	2455
810	2223
811	2503
812	2502
813	2484
814	2093
815	2326
816	2499
817	2047
818	2492
820	1621
821	2060
822	2502
823	1481
824	2500
825	2502
826	2502
829	2502
830	2417
831	2501
832	2146
833	1908
834	2500
835	2500
836	2503
837	2261
838	2503
839	1977
840	2503
841	2495
842	2502
843	2271
844	2484
845	2503
846	2430
847	2431
848	2502
849	2486
850	2218
851	2500
852	2499
853	1317
854	2502
855	2502
856	2398
857	2453
859	2476
860	2445
861	2437
862	1842
863	2476
864	2503
865	2501
866	2387
868	1822
869	2503
870	2468
871	2006
872	1976
873	2503
874	1472
875	2019
877	1617
878	1281
879	2503
880	2503
881	2480
882	2480
883	1854
884	2318
885	2503
888	2402
889	1519
890	2502
891	2502
892	2440
893	2501
894	2410
895	2135
896	2502
897	2201
898	2389
900	2503
902	2473
903	2501
905	2395
906	2495
907	1532
908	2503
909	2486
910	1365
911	2244
912	2415
913	2320
914	2502
916	2502
918	2502
919	2175
920	2359
921	2478
922	2489
924	2157
925	1502
928	2328
929	2481
930	2117
932	2503
933	2433
934	2307
937	2448
938	2502
939	2503
940	2500
941	2501
942	2490
944	2502
945	2246
946	1292
947	2495
948	2492
949	2105
950	2502
951	2491
952	2492
953	2152
954	2446
955	2473
956	2501
957	2299
958	2477
959	2501
960	2501
961	2399
962	2252
963	2031
964	2432
965	2238
966	1658
967	2503
968	2405
969	1982
970	2502
972	2503
974	2123
975	2478
976	2444
977	1620
978	1557
979	2417
980	2407
981	2142
982	2445
983	2497
984	2503
985	2481
986	2503
987	2118
988	2501
989	2425
990	2498
991	2503
992	2133
993	2363
994	2178
995	2490
996	1547
997	2425
998	1322
999	2133
1000	2385
1001	1959
1002	2503
1003	2393
1004	2502
1005	2455
1006	2499
1007	1637
1008	2501
1009	2503
1010	2467
1011	2498
1012	2500
1013	2499
1014	2502
1015	2503
1016	1520
1017	2364
1018	2345
1019	1475
1020	1934
1021	2502
1022	2182
1023	1862
1024	2158
1025	2037
1026	2500
1027	2463
1028	2490
1029	1859
1030	2503
1031	2494
1032	2410
1034	2503
1035	1874
1036	2382
1037	1372
1038	2187
1039	2503
1040	1911
1041	2500
1042	2477
1043	1950
1044	2437
1045	2442
1046	2502
1047	2012
1048	2378
1049	2483
1050	2503
1051	2490
1052	2327
1053	2437
1054	2503
1055	2483
1056	2271
1057	2110
1058	2246
1059	2503
1060	2494
1062	1944
1063	2478
1064	2503
1065	2503
1066	2499
1067	2095
1068	2499
1069	2503
1070	2313
1071	1270
1072	2502
1073	2500
1074	2502
1075	2272
1076	2363
1077	2501
1078	2387
1079	2295
1080	2503
1081	2449
1082	2503
1085	2503
1086	2502
1087	2434
1089	2500
1090	1411
1091	2486
1092	2503
1093	2503
1094	2354
1096	2355
1097	2342
1099	2441
1100	1329
1101	2502
1102	2503
1103	1964
1104	1736
1105	1647
1107	1541
1108	2484
1109	2502
1110	2503
1111	2502
1112	2440
1113	1794
1114	1792
1115	2503
1116	2488
1117	2420
1118	2380
1121	2116
1122	2482
1123	1790
1125	2015
1126	2257
1127	2317
1128	2503
1129	2503
1130	2502
1131	2469
1132	2503
1133	2503
1134	2364
1135	2503
1136	2500
1137	2475
1138	2503
1139	2207
1140	2095
1141	2320
1142	1991
1143	2503
1145	1870
1146	2421
1147	1783
1148	2146
1149	1398
1153	2503
1154	2502
1155	2214
1156	1870
1157	1672
1158	2488
1159	2420
1160	1613
1163	2333
1164	2503
1165	2042
1166	1418
1167	2473
1168	2261
1169	2503
1170	1630
1171	2107
1173	2503
1174	1489
1175	2435
1176	2502
1177	2025
1178	2502
1179	1993
1180	2474
1181	2503
1182	2503
1183	2497
1184	2497
1185	2503
1187	2472
1188	2442
1189	2499
1190	2480
1192	2503
1193	2499
1194	2503
1195	2413
1196	1924
1197	2290
1198	2503
1201	2039
1203	2262
1205	2280
1206	2481
1208	1940
1210	1990
1213	2503
1214	2147
1215	1586
1217	2503
1218	2463
1219	2503
1220	2503
1221	2495
1223	2483
1224	2057
1225	2501
1227	1841
1228	2391
1229	2424
1230	2421
1231	2503
1232	1897
1233	2463
1234	2265
1235	2502
1237	2503
1239	2497
1240	2501
1241	2502
1242	2502
1243	2503
1244	2503
1245	2501
1246	1812
1247	2484
1249	2447
1251	2503
1252	2502
1253	2501
1254	2501
1255	2431
1256	2503
1257	2503
1258	2444
1260	2500
1261	2466
1263	2503
1264	1712
1264	2503
1265	2293
1265	2503
1266	2502
1267	2419
1267	2498
1268	2503
1269	1900
1269	2357
1270	1316
1271	2293
1271	2502
1272	2205
1272	2458
1273	1673
1273	2503
1274	1646
1274	2444
1275	2404
1275	2467
1276	2474
1276	2479
1277	2433
1277	2483
1278	2315
1278	2499
1279	2141
1279	2503
1280	1483
1280	2307
1281	2221
1282	2500
1282	2503
1283	1347
1283	2503
1284	1964
1284	2503
1285	2304
1285	2453
1286	1640
1286	2382
1287	1297
1287	1806
1288	2249
1288	2343
1289	2258
1289	2471
1290	2176
1290	2280
1291	2329
1291	2366
1292	2458
1293	1414
1293	2414
1294	2143
1294	2365
1295	1653
1295	2502
1296	1644
1296	2419
1297	2135
1298	2205
1299	1879
1299	2498
1300	2018
1301	2019
1301	2496
1302	1448
1302	2427
1303	2261
1303	2405
1304	1447
1304	1895
1305	2503
1306	2193
1306	2501
1307	2109
1307	2448
1308	2421
1310	2137
1310	2416
1311	2489
1311	2502
1312	2354
1312	2503
1313	2500
1313	2502
1314	2021
1314	2253
1315	2366
1316	2503
1317	2502
1318	2476
1318	2503
1319	2002
1319	2179
1320	1746
1320	2378
1321	2407
1321	2412
1322	2501
1323	2136
1323	2495
1324	1820
1324	2502
1325	2161
1325	2230
1326	2330
1326	2503
1327	1924
1327	2503
1328	2485
1328	2488
1329	2502
1330	1684
1330	2455
1331	2365
1331	2503
1332	2371
1332	2503
1333	2501
1333	2503
1334	2503
1335	2432
1335	2503
1336	1613
1336	2101
1337	2047
1338	1971
1339	2423
1340	2497
1340	2503
1341	2289
1341	2501
1342	2225
1342	2277
1343	2197
1343	2500
1344	2496
1344	2503
1345	2414
1345	2503
1346	1650
1346	2439
1347	2479
1348	2159
1348	2503
1349	2371
1349	2503
1350	2088
1350	2503
1351	2433
1351	2452
1352	2502
1353	1743
1353	2503
1354	2114
1354	2503
1355	1947
1355	2502
1356	2417
1356	2495
1357	1707
1357	2501
1358	1655
1358	2221
1359	2337
1359	2445
1360	2485
1360	2503
1361	2066
1361	2450
1362	1753
1362	2501
1363	2363
1363	2441
1364	1734
1364	2456
1365	2499
1366	2018
1366	2502
1367	1512
1367	2492
1368	2268
1368	2367
1369	2408
1370	2463
1370	2503
1371	2350
1371	2488
1372	2192
1373	1762
1373	2472
1374	1996
1374	2390
1375	2503
1376	1887
1376	2503
1377	1538
1377	1744
1378	2173
1379	1968
1379	2458
1380	2358
1380	2478
1381	2460
1382	2484
1382	2499
1383	2033
1383	2465
1384	1981
1384	2195
1385	1863
1385	2426
1386	2421
1387	2465
1387	2502
1388	1915
1388	2503
1389	1732
1390	2099
1390	2503
1391	2137
1391	2419
1392	1823
1393	2502
1393	2503
1394	2385
1394	2448
1395	1960
1395	1994
1396	1758
1396	2501
1397	1919
1397	1986
1398	1446
1399	1925
1399	2394
1400	1832
1400	2172
1401	2437
1401	2502
1402	1836
1402	2113
1403	2501
1403	2503
1404	2501
1404	2503
1405	1579
1406	2502
1406	2503
1407	2381
1407	2497
1408	2496
1408	2503
1409	2396
1409	2502
1410	2474
1410	2502
1411	2502
1412	2435
1412	2495
1413	2502
1413	2503
1414	2493
1415	2061
1415	2479
1416	2470
1416	2503
1417	2502
1417	2503
1418	2179
1419	2078
1419	2501
1420	2219
1420	2367
1421	2367
1421	2502
1423	1542
1424	2408
1424	2503
1425	2500
1426	2241
1426	2503
1427	2503
1428	2219
1428	2503
1429	2498
1430	2415
1430	2503
1431	2502
1431	2503
1432	1466
1432	2503
1433	1775
1433	2503
1434	1648
1434	2242
1435	2491
1435	2503
1436	2416
1436	2475
1437	1801
1438	1649
1438	2002
1439	2390
1439	2503
1440	2502
1440	2503
1441	2412
1441	2488
1442	2212
1442	2503
1443	2086
1443	2383
1444	1512
1445	2465
1445	2466
1446	2500
1447	2155
1448	2407
1449	2487
1449	2501
1450	1545
1450	2503
1451	1983
1451	2477
1452	2038
1452	2502
1453	1961
1453	2445
1454	2503
1455	1919
1455	2502
1456	2138
1456	2503
1457	2287
1457	2503
1458	2436
1458	2487
1459	2499
1459	2502
1460	2503
1461	2489
1462	2355
1462	2503
1463	2355
1463	2503
1464	2257
1464	2503
1465	2332
1465	2503
1466	2230
1467	2377
1467	2424
1468	1748
1468	2496
1469	2055
1469	2448
1470	2503
1471	2372
1471	2502
1472	2501
1473	2486
1473	2491
1474	2214
1474	2502
1475	2442
1476	2248
1476	2503
1477	2264
1477	2502
1478	2462
1478	2503
1479	2170
1479	2503
1480	1856
1480	2503
1481	2076
1482	2127
1482	2488
1483	2503
1484	2429
1484	2457
1485	2232
1485	2273
1486	1987
1486	2308
1487	2436
1487	2494
1488	2143
1488	2499
1489	2324
1490	2492
1490	2503
1491	2401
1492	1977
1492	2113
1493	2379
1493	2409
1494	2409
1494	2501
1495	2370
1495	2477
1496	1893
1496	2281
1497	2107
1497	2501
1498	2413
1499	2001
1499	2503
1500	2064
1500	2503
1501	2501
1502	1913
1503	2001
1503	2500
1504	1972
1504	2321
1505	2322
1505	2503
1506	2319
1506	2498
1507	2288
1507	2503
1508	1985
1509	2163
1509	2502
1510	2501
1510	2503
1511	2451
1511	2495
1513	2436
1513	2502
1514	1784
1514	2502
1515	1940
1515	2027
1516	2121
1516	2455
1517	2009
1517	2502
1518	1647
1518	2006
1519	1931
1520	2503
1521	2440
1521	2503
1522	1860
1522	1953
1523	2429
1523	2465
1524	2250
1524	2445
1525	2477
1525	2503
1526	1661
1526	2413
1527	2503
1528	1594
1528	1719
1529	2501
1529	2503
1530	2028
1530	2503
1531	1593
1531	2499
1532	2453
1533	2444
1533	2503
1534	2502
1535	2159
1535	2445
1536	2240
1536	2503
1537	2361
1537	2500
1538	2364
1539	2501
1540	2393
1540	2395
1541	2291
1542	2501
1543	1988
1543	2501
1544	2372
1544	2491
1545	2480
1546	2432
1546	2497
1547	2501
1548	1710
1548	2495
1549	2301
1549	2499
1550	2485
1550	2503
1551	1721
1551	2432
1552	1610
1552	2484
1553	2398
1554	2328
1554	2496
1555	1933
1555	2236
1556	1758
1556	2502
1557	2249
1558	2498
1558	2500
1559	2148
1559	2502
1560	2253
1560	2468
1561	2502
1562	2408
1562	2496
1563	2476
1563	2489
1564	2396
1564	2487
1565	2501
1565	2503
1566	2083
1566	2467
1567	2203
1567	2502
1568	1644
1568	2187
1569	2496
1570	1596
1570	1660
1571	2246
1571	2314
1572	2377
1572	2501
1573	2439
1573	2501
1574	1606
1574	2394
1575	2459
1576	2460
1577	2135
1577	2283
1578	2494
1578	2503
1579	2044
1580	2502
1580	2503
1581	2142
1581	2503
1582	2136
1583	2402
1583	2499
1584	2415
1584	2445
1585	1851
1585	2503
1586	2503
1587	1957
1588	2503
1589	2392
1589	2502
1590	2503
1591	2451
1592	2412
1592	2503
1593	2503
1594	2488
1595	2429
1595	2482
1596	2503
1597	2421
1597	2503
1598	1625
1598	2004
1599	2277
1599	2489
1600	2485
1600	2503
1601	2407
1601	2479
1602	2502
1602	2503
1603	2275
1603	2503
1604	2338
1605	2474
1605	2503
1606	2502
1607	2501
1608	2437
1608	2495
1609	2158
1609	2503
1610	2216
1611	2133
1611	2449
1612	2428
1614	2471
1614	2503
1615	2502
1616	2214
1616	2502
1617	2440
1618	2460
1618	2503
1619	2503
1620	2106
1621	2493
1622	2440
1623	2501
1623	2502
1624	2433
1624	2502
1625	2503
1626	2500
1626	2503
1627	2501
1627	2502
1628	1896
1628	2170
1629	2208
1629	2482
1630	2349
1631	2117
1631	2449
1632	1942
1632	2185
1633	2032
1633	2283
1634	2491
1634	2503
1635	2449
1635	2502
1636	1769
1636	2503
1637	2016
1638	2039
1638	2503
1639	2503
1640	2408
1641	1908
1641	2471
1642	2104
1642	2503
1643	2024
1645	2306
1645	2379
1648	2388
1650	2503
1651	2491
1651	2502
1652	1903
1652	2124
1653	2364
1654	2500
1654	2503
1655	2285
1656	1747
1657	1941
1657	2503
1658	2503
1659	2097
1659	2418
1661	2004
1662	2207
1662	2476
1663	2070
1664	2334
1664	2454
1665	2178
1665	2503
1666	2472
1666	2490
1667	2140
1667	2502
1668	2238
1668	2502
1669	2048
1669	2197
1670	2503
1671	2285
1672	1799
1673	2023
1674	1873
1675	2189
1675	2503
1676	2109
1676	2502
1677	2362
1677	2403
1678	2502
1678	2503
1679	1976
1679	2503
1680	1693
1680	2475
1681	1838
1681	2260
1682	2503
1683	2500
1683	2503
1684	2493
1685	2089
1685	2503
1686	1855
1686	2460
1687	1789
1687	2329
1688	2220
1688	2501
1689	2456
1689	2502
1690	2356
1690	2503
1691	2033
1691	2456
1692	2244
1692	2503
1693	2406
1694	2255
1694	2460
1695	2435
1695	2501
1696	2479
1696	2503
1697	2483
1697	2487
1698	2298
1698	2500
1699	1971
1699	2501
1700	2502
1700	2503
1701	2503
1702	2491
1703	2376
1703	2474
1704	2502
1705	2354
1705	2502
1706	2501
1707	2503
1708	2502
1709	2383
1709	2503
1710	2503
1711	1986
1711	2461
1712	2500
1713	2326
1713	2502
1714	2283
1714	2441
1715	2454
1715	2502
1716	2141
1716	2503
1717	1947
1717	2326
1718	2502
1718	2503
1719	2452
1720	1891
1720	2314
1721	2501
1722	2168
1722	2503
1723	2359
1724	2477
1724	2503
1725	2393
1725	2503
1726	2123
1726	2503
1727	2365
1728	2491
1728	2502
1729	1885
1729	2395
1730	2503
1731	1875
1731	2291
1732	2320
1733	2093
1733	2321
1734	2502
1735	2355
1735	2479
1736	2498
1737	2386
1737	2497
1738	2316
1738	2397
1739	2160
1739	2503
1740	2388
1741	2185
1742	2022
1742	2427
1743	2502
1744	2211
1745	2503
1746	2503
1747	2502
1748	2173
1749	2223
1749	2495
1750	2503
1751	2216
1751	2497
1752	1995
1752	2105
1753	2022
1754	2416
1754	2503
1755	2412
1755	2503
1756	2503
1757	1823
1757	2501
1759	2503
1760	2047
1760	2503
1761	2165
1761	2267
1762	2280
1763	2503
1764	2233
1764	2503
1765	2503
1766	1912
1766	2386
1767	2066
1767	2492
1768	1972
1768	2503
1769	1939
1770	2478
1770	2501
1771	2473
1771	2502
1772	2502
1773	2072
1773	2490
1774	1855
1774	2020
1775	2352
1776	2443
1776	2503
1777	2459
1778	2361
1778	2502
1779	2181
1779	2503
1780	2473
1781	2164
1781	2503
1782	2237
1783	2503
1784	2468
1785	2379
1785	2426
1786	2502
1786	2503
1787	2196
1787	2499
1788	2413
1788	2425
1789	2317
1790	2502
1791	1962
1791	2406
1792	2454
1793	2502
1793	2503
1794	2502
1795	2481
1795	2503
1796	2184
1796	2393
1797	2502
1797	2503
1798	2321
1798	2411
1799	2501
1800	2146
1800	2254
1801	2102
1802	2438
1802	2503
1803	2450
1803	2475
1804	2463
1805	1925
1805	2287
1806	2202
1807	2388
1807	2502
1808	2370
1808	2429
1809	2071
1809	2445
1810	2385
1810	2503
1811	2179
1811	2271
1812	2340
1813	2501
1813	2502
1814	2406
1814	2496
1815	2449
1816	2211
1816	2472
1817	2357
1817	2503
1818	2000
1818	2501
1819	2202
1820	2502
1821	2007
1821	2270
1822	2501
1824	2264
1824	2503
1825	2112
1825	2500
1826	2499
1826	2502
1827	2481
1827	2502
1828	2421
1829	2399
1829	2488
1830	2494
1831	2360
1832	2501
1833	2036
1833	2442
1834	2503
1835	2209
1835	2500
1836	2228
1837	1983
1838	2503
1839	2503
1840	1962
1840	2503
1841	2503
1842	2502
1843	2502
1843	2503
1844	2503
1845	2458
1845	2502
1847	2144
1847	2484
1848	2244
1848	2247
1849	2503
1850	2276
1850	2394
1850	2429
1851	2503
1852	1935
1852	2404
1852	2444
1853	2411
1853	2501
1853	2503
1854	2385
1854	2502
1855	2089
1856	1984
1856	2502
1857	2289
1857	2501
1858	2162
1858	2439
1858	2503
1859	2230
1859	2321
1860	2294
1860	2471
1861	2343
1861	2453
1861	2502
1862	2393
1862	2492
1863	2251
1864	2459
1864	2484
1864	2502
1865	2139
1865	2500
1865	2501
1866	2369
1866	2503
1867	2346
1867	2499
1867	2500
1868	2471
1868	2503
1869	2435
1869	2503
1870	2502
1871	2298
1871	2423
1872	2487
1872	2503
1873	2325
1873	2503
1874	2362
1875	2434
1875	2457
1876	2025
1876	2389
1876	2501
1877	2055
1877	2447
1877	2494
1878	2442
1878	2500
1878	2502
1879	2199
1879	2501
1880	2204
1880	2276
1880	2430
1881	2455
1881	2489
1881	2496
1882	2134
1882	2358
1882	2492
1883	2027
1883	2090
1883	2329
1884	2464
1884	2502
1884	2503
1885	2503
1886	2380
1886	2418
1886	2489
1887	2391
1887	2501
1888	2331
1888	2492
1888	2502
1889	2390
1889	2501
1889	2503
1890	2318
1890	2477
1890	2501
1891	2315
1891	2426
1892	1893
1892	2255
1893	2503
1894	2392
1894	2496
1895	2343
1895	2503
1896	2332
1896	2501
1897	2503
1898	2349
1898	2499
1898	2502
1899	2116
1899	2318
1899	2502
1900	2503
1901	2501
1901	2503
1902	2346
1902	2502
1902	2503
1903	2484
1903	2502
1904	2123
1904	2332
1905	2503
1906	2489
1906	2502
1906	2503
1907	2435
1907	2458
1908	2503
1909	1921
1909	2119
1909	2503
1910	2128
1910	2442
1910	2502
1911	2335
1911	2464
1912	2503
1913	2371
1913	2491
1914	2402
1914	2500
1914	2503
1915	2155
1915	2283
1916	2338
1916	2501
1917	2245
1917	2250
1917	2346
1918	2503
1919	2087
1920	2065
1920	2267
1920	2304
1921	2327
1921	2503
1922	2079
1922	2442
1922	2499
1923	2097
1923	2294
1924	2502
1925	2502
1926	1963
1926	2503
1927	2378
1927	2479
1927	2491
1928	2279
1928	2502
1929	2456
1929	2500
1929	2503
1930	1970
1930	2372
1930	2490
1931	1988
1931	2503
1932	1942
1932	2029
1933	2336
1934	2100
1935	2399
1935	2436
1936	2038
1936	2499
1936	2503
1937	2286
1937	2426
1938	2502
1938	2503
1939	2241
1939	2501
1940	2500
1941	2000
1941	2422
1942	2111
1943	2381
1943	2429
1943	2503
1944	2319
1944	2379
1945	2459
1945	2503
1946	2500
1946	2501
1946	2503
1947	2500
1948	2154
1948	2288
1948	2487
1949	2030
1949	2503
1950	2438
1950	2449
1951	2008
1951	2414
1951	2503
1952	2198
1952	2303
1952	2502
1953	2497
1953	2503
1954	2479
1954	2496
1955	2362
1955	2375
1955	2503
1956	2302
1956	2500
1956	2503
1957	2414
1957	2431
1958	2274
1958	2488
1958	2497
1959	2502
1959	2503
1960	2253
1961	2278
1961	2495
1962	2494
1963	2320
1964	2000
1965	2433
1965	2456
1965	2502
1966	2245
1966	2387
1967	2027
1967	2503
1968	2334
1968	2503
1969	2387
1969	2422
1969	2502
1970	2445
1970	2502
1971	2501
1972	2502
1973	2068
1973	2098
1973	2503
1974	2348
1974	2496
1974	2500
1975	2151
1975	2180
1975	2499
1976	2281
1977	2498
1979	2253
1979	2413
1979	2503
1980	2497
1980	2502
1980	2503
1981	2400
1981	2499
1982	2088
1982	2353
1983	2223
1984	2502
1985	2486
1985	2501
1986	2502
1987	2061
1987	2503
1988	2323
1989	2331
1989	2345
1989	2502
1990	2007
1990	2503
1991	2363
1991	2483
1991	2502
1992	2349
1992	2500
1992	2502
1992	2503
1993	2265
1993	2407
1993	2502
1994	2215
1994	2341
1994	2502
1995	2028
1995	2373
1995	2503
1996	2053
1996	2428
1996	2490
1997	2308
1997	2466
1997	2502
1997	2503
1998	2467
1998	2503
1999	2233
1999	2309
1999	2311
2000	2502
2001	2139
2001	2501
2002	2112
2002	2143
2003	2324
2003	2395
2003	2502
2004	2025
2004	2387
2005	2387
2005	2501
2005	2502
2005	2503
2006	2474
2006	2503
2007	2344
2007	2409
2008	2172
2008	2388
2008	2503
2009	2502
2009	2503
2010	2167
2010	2492
2010	2503
2011	2034
2011	2492
2011	2503
2012	2251
2012	2434
2012	2480
2013	2201
2013	2282
2013	2332
2013	2502
2014	2147
2014	2430
2014	2488
2014	2503
2015	2269
2015	2301
2016	2429
2016	2471
2016	2503
2017	2501
2017	2502
2017	2503
2018	2398
2019	2120
2020	2147
2020	2404
2020	2466
2021	2041
2021	2459
2022	2179
2023	2428
2023	2502
2023	2503
2024	2312
2024	2502
2025	2502
2026	2399
2026	2503
2027	2469
2028	2401
2028	2502
2029	2337
2029	2501
2030	2378
2030	2503
2031	2296
2031	2448
2031	2487
2032	2347
2032	2430
2033	2470
2033	2499
2034	2234
2034	2488
2034	2502
2035	2442
2035	2503
2036	2459
2036	2478
2036	2503
2037	2427
2037	2503
2038	2501
2039	2470
2039	2491
2040	2471
2040	2476
2040	2500
2041	2042
2041	2279
2041	2503
2042	2333
2042	2500
2043	2463
2043	2499
2043	2503
2044	2139
2044	2166
2044	2501
2045	2435
2045	2465
2045	2501
2045	2502
2046	2436
2046	2459
2046	2485
2046	2503
2047	2443
2048	2500
2048	2502
2048	2503
2049	2467
2049	2502
2049	2503
2050	2291
2050	2390
2050	2470
2051	2497
2051	2503
2052	2421
2052	2456
2052	2503
2053	2499
2053	2503
2054	2501
2054	2502
2055	2502
2055	2503
2056	2230
2056	2447
2056	2502
2057	2493
2057	2503
2058	2502
2058	2503
2059	2125
2059	2394
2059	2485
2059	2486
2060	2263
2060	2328
2060	2370
2061	2135
2061	2503
2062	2470
2062	2501
2062	2503
2063	2191
2063	2499
2063	2502
2063	2503
2064	2102
2064	2340
2064	2503
2065	2417
2065	2471
2065	2495
2066	2429
2066	2503
2067	2077
2067	2403
2067	2502
2068	2300
2068	2502
2069	2382
2069	2440
2069	2494
2070	2074
2070	2409
2071	2492
2071	2498
2071	2502
2072	2411
2072	2442
2072	2496
2073	2249
2073	2492
2073	2503
2074	2493
2074	2503
2075	2284
2075	2427
2075	2500
2075	2503
2076	2244
2076	2359
2076	2473
2077	2403
2077	2499
2077	2502
2078	2424
2078	2503
2079	2433
2079	2436
2079	2463
2080	2452
2080	2454
2080	2502
2081	2226
2081	2320
2081	2502
2081	2503
2082	2394
2082	2473
2082	2475
2082	2487
2083	2190
2083	2473
2083	2503
2084	2118
2084	2182
2084	2187
2084	2503
2085	2200
2085	2428
2085	2502
2085	2503
2086	2501
2087	2319
2087	2437
2089	2469
2089	2500
2090	2092
2090	2148
2090	2215
2091	2501
2091	2502
2091	2503
2092	2502
2092	2503
2093	2136
2093	2474
2094	2454
2094	2481
2094	2500
2094	2502
2095	2432
2096	2377
2096	2500
2096	2501
2096	2503
2097	2307
2097	2503
2098	2162
2098	2500
2098	2502
2099	2167
2099	2499
2100	2451
2100	2503
2101	2146
2101	2482
2101	2503
2102	2414
2102	2503
2103	2169
2103	2381
2103	2502
2103	2503
2104	2483
2104	2503
2105	2240
2105	2503
2106	2501
2106	2503
2107	2439
2107	2486
2108	2227
2108	2450
2108	2503
2109	2245
2109	2496
2110	2480
2110	2490
2110	2500
2111	2175
2111	2496
2112	2429
2112	2502
2113	2294
2113	2490
2114	2454
2114	2503
2115	2428
2115	2463
2115	2494
2116	2174
2116	2503
2117	2361
2117	2499
2118	2129
2118	2500
2119	2450
2119	2478
2119	2503
2120	2166
2120	2217
2120	2396
2121	2341
2121	2460
2121	2502
2122	2450
2122	2452
2122	2501
2122	2503
2123	2501
2124	2257
2124	2484
2124	2503
2125	2424
2125	2456
2125	2503
2126	2189
2126	2502
2126	2503
2127	2485
2127	2502
2128	2362
2128	2463
2128	2501
2129	2494
2129	2502
2130	2503
2131	2497
2131	2502
2132	2331
2132	2502
2132	2503
2133	2158
2134	2473
2134	2503
2136	2369
2136	2387
2137	2384
2137	2403
2137	2503
2138	2258
2138	2472
2138	2503
2139	2251
2139	2290
2140	2500
2140	2503
2141	2501
2141	2503
2142	2450
2142	2461
2143	2400
2143	2449
2144	2290
2144	2453
2144	2497
2144	2502
2145	2364
2145	2369
2145	2463
2145	2497
2146	2457
2147	2243
2147	2501
2148	2331
2148	2365
2148	2502
2149	2446
2149	2500
2149	2502
2149	2503
2150	2332
2150	2461
2150	2501
2150	2503
2151	2299
2151	2494
2151	2498
2151	2503
2152	2302
2152	2422
2152	2501
2153	2501
2153	2502
2153	2503
2154	2188
2154	2444
2154	2471
2154	2500
2155	2493
2155	2503
2156	2198
2156	2280
2156	2354
2156	2423
2156	2503
2157	2317
2157	2338
2157	2416
2158	2502
2159	2426
2159	2503
2160	2218
2160	2222
2161	2238
2161	2271
2161	2278
2162	2332
2162	2410
2162	2498
2163	2351
2163	2500
2163	2503
2164	2309
2164	2493
2164	2496
2164	2503
2165	2480
2165	2488
2165	2503
2166	2242
2166	2331
2166	2439
2167	2502
2168	2420
2168	2502
2168	2503
2169	2174
2169	2503
2170	2416
2170	2469
2170	2501
2171	2243
2171	2502
2171	2503
2172	2222
2172	2411
2172	2503
2173	2486
2173	2503
2174	2497
2174	2503
2175	2193
2175	2407
2175	2488
2176	2453
2176	2502
2176	2503
2177	2432
2177	2496
2177	2500
2178	2333
2178	2500
2178	2503
2179	2487
2180	2487
2180	2502
2180	2503
2181	2492
2181	2494
2181	2503
2182	2335
2182	2493
2182	2503
2183	2457
2183	2478
2183	2491
2183	2503
2184	2359
2184	2501
2184	2503
2185	2270
2185	2398
2185	2446
2186	2305
2186	2374
2186	2470
2186	2499
2187	2396
2187	2496
2188	2408
2188	2500
2188	2502
2188	2503
2189	2226
2189	2486
2189	2502
2190	2479
2190	2501
2190	2502
2190	2503
2191	2341
2191	2500
2191	2501
2191	2503
2192	2399
2192	2502
2192	2503
2193	2260
2193	2360
2193	2413
2194	2497
2194	2502
2194	2503
2195	2345
2195	2427
2195	2501
2196	2223
2196	2496
2196	2500
2196	2503
2197	2368
2197	2446
2197	2503
2198	2435
2198	2475
2198	2501
2199	2327
2199	2443
2199	2466
2200	2335
2200	2490
2200	2503
2201	2295
2202	2488
2202	2503
2203	2459
2203	2503
2204	2334
2204	2501
2205	2304
2205	2433
2206	2305
2206	2492
2206	2503
2207	2216
2207	2489
2207	2490
2208	2261
2208	2389
2208	2462
2208	2503
2209	2436
2209	2456
2209	2501
2210	2446
2210	2500
2210	2501
2210	2503
2211	2466
2211	2472
2212	2434
2212	2446
2212	2502
2213	2386
2213	2477
2213	2502
2213	2503
2214	2503
2215	2448
2215	2471
2215	2485
2216	2501
2217	2448
2217	2500
2217	2503
2218	2497
2219	2361
2219	2502
2219	2503
2220	2386
2220	2404
2220	2493
2220	2502
2221	2466
2221	2503
2222	2262
2222	2485
2222	2502
2223	2501
2224	2385
2224	2401
2224	2501
2224	2503
2225	2405
2225	2411
2225	2502
2226	2502
2226	2503
2227	2263
2227	2486
2227	2494
2227	2502
2228	2452
2228	2496
2228	2501
2229	2342
2229	2424
2229	2449
2229	2457
2229	2490
2229	2495
2230	2384
2230	2501
2231	2417
2231	2454
2231	2489
2231	2491
2231	2503
2232	2416
2232	2447
2232	2493
2232	2503
2233	2262
2233	2395
2233	2454
2233	2503
2234	2482
2234	2502
2234	2503
2235	2380
2235	2398
2235	2485
2235	2493
2235	2503
2236	2264
2236	2400
2236	2473
2237	2336
2237	2382
2237	2397
2237	2414
2237	2482
2238	2495
2238	2501
2238	2503
2239	2384
2239	2386
2239	2440
2239	2442
2239	2456
2239	2491
2240	2444
2240	2461
2240	2500
2240	2501
2241	2404
2241	2497
2241	2499
2241	2500
2242	2307
2242	2408
2242	2501
2243	2379
2243	2403
2243	2466
2243	2500
2244	2480
2244	2484
2245	2267
2245	2489
2245	2503
2246	2300
2246	2503
2247	2489
2247	2495
2247	2501
2247	2503
2248	2367
2248	2488
2248	2502
2248	2503
2249	2501
2250	2323
2250	2443
2250	2503
2251	2279
2251	2486
2251	2503
2252	2474
2252	2498
2252	2503
2253	2417
2253	2501
2254	2276
2254	2489
2254	2503
2255	2501
2255	2503
2256	2419
2256	2502
2256	2503
2257	2500
2257	2503
2258	2502
2258	2503
2259	2371
2259	2464
2259	2501
2259	2503
2260	2499
2260	2503
2261	2374
2261	2503
2262	2324
2262	2447
2262	2500
2263	2313
2263	2384
2263	2481
2264	2310
2264	2502
2264	2503
2265	2381
2265	2455
2265	2500
2266	2395
2266	2449
2266	2459
2266	2496
2266	2500
2267	2438
2267	2503
2268	2430
2268	2490
2268	2500
2268	2502
2268	2503
2269	2346
2269	2350
2269	2376
2269	2416
2269	2462
2270	2502
2270	2503
2271	2465
2272	2278
2272	2323
2272	2503
2273	2325
2273	2339
2273	2426
2273	2452
2273	2500
2274	2364
2274	2413
2274	2433
2274	2503
2275	2431
2275	2440
2275	2451
2275	2492
2275	2503
2276	2367
2276	2503
2277	2493
2277	2503
2278	2503
2279	2380
2279	2496
2279	2502
2279	2503
2280	2503
2281	2288
2281	2476
2281	2494
2281	2503
2282	2334
2282	2352
2282	2400
2282	2444
2282	2465
2282	2503
2283	2502
2283	2503
2284	2294
2284	2321
2284	2466
2284	2502
2284	2503
2285	2377
2285	2409
2285	2500
2285	2503
2286	2342
2286	2438
2286	2502
2286	2503
2287	2297
2287	2495
2287	2501
2288	2295
2288	2502
2288	2503
2289	2293
2289	2494
2289	2501
2289	2503
2290	2369
2290	2396
2290	2476
2290	2486
2291	2305
2291	2442
2291	2502
2291	2503
2292	2457
2292	2461
2292	2473
2292	2479
2292	2502
2292	2503
2293	2299
2293	2501
2293	2502
2293	2503
2294	2456
2294	2503
2295	2325
2295	2397
2295	2501
2295	2502
2296	2445
2296	2499
2296	2502
2296	2503
2297	2324
2297	2486
2297	2500
2297	2502
2298	2353
2298	2441
2298	2502
2298	2503
2299	2418
2299	2463
2299	2499
2300	2369
2300	2463
2300	2503
2301	2465
2301	2500
2301	2501
2301	2503
2302	2335
2302	2477
2302	2501
2302	2503
2303	2312
2303	2403
2303	2469
2303	2502
2304	2425
2304	2483
2304	2500
2305	2475
2305	2503
2306	2357
2306	2389
2306	2425
2306	2460
2306	2503
2307	2483
2307	2503
2308	2357
2308	2376
2308	2381
2308	2500
2309	2366
2309	2402
2309	2500
2309	2502
2309	2503
2310	2372
2310	2451
2310	2460
2310	2474
2310	2503
2311	2313
2311	2487
2311	2502
2311	2503
2312	2335
2312	2401
2312	2444
2312	2455
2313	2499
2313	2503
2314	2373
2314	2425
2314	2478
2314	2503
2315	2358
2315	2455
2315	2456
2315	2501
2315	2502
2316	2389
2316	2502
2316	2503
2317	2360
2317	2422
2317	2444
2317	2501
2318	2432
2318	2460
2318	2465
2318	2477
2318	2501
2319	2359
2319	2501
2319	2503
2320	2488
2320	2498
2320	2503
2321	2493
2322	2457
2322	2482
2322	2500
2322	2502
2323	2436
2323	2494
2323	2498
2323	2500
2324	2452
2324	2499
2324	2503
2325	2492
2325	2500
2325	2502
2325	2503
2326	2370
2326	2478
2326	2502
2326	2503
2327	2352
2327	2454
2327	2502
2327	2503
2328	2359
2328	2376
2328	2458
2328	2501
2328	2502
2329	2388
2329	2411
2329	2412
2329	2503
2330	2361
2330	2394
2330	2397
2330	2413
2330	2480
2330	2503
2331	2411
2331	2502
2332	2379
2333	2463
2333	2487
2333	2502
2333	2503
2334	2373
2334	2460
2334	2477
2334	2488
2335	2502
2335	2503
2336	2386
2336	2411
2336	2451
2336	2501
2337	2464
2337	2467
2337	2502
2337	2503
2338	2430
2338	2439
2338	2476
2338	2502
2339	2456
2339	2485
2339	2500
2339	2501
2339	2502
2339	2503
2340	2451
2340	2488
2340	2501
2340	2502
2340	2503
2341	2470
2341	2502
2341	2503
2342	2472
2342	2501
2342	2502
2342	2503
2343	2418
2343	2451
2343	2495
2343	2503
2344	2361
2344	2446
2344	2458
2344	2502
2344	2503
2345	2500
2345	2502
2345	2503
2346	2376
2346	2501
2346	2502
2347	2396
2347	2415
2347	2502
2347	2503
2348	2418
2348	2429
2348	2438
2348	2477
2348	2497
2348	2502
2348	2503
2349	2447
2349	2483
2349	2502
2349	2503
2350	2372
2350	2437
2350	2443
2350	2499
2350	2501
2350	2502
2351	2398
2351	2427
2351	2482
2351	2501
2351	2502
2351	2503
2352	2433
2352	2471
2352	2500
2352	2503
2353	2443
2353	2503
2354	2441
2354	2503
2355	2476
2355	2486
2355	2490
2355	2501
2355	2503
2356	2372
2356	2383
2356	2413
2356	2476
2356	2501
2356	2503
2357	2406
2357	2468
2357	2500
2357	2503
2358	2455
2358	2500
2358	2501
2358	2503
2359	2501
2359	2503
2360	2474
2360	2479
2360	2500
2360	2501
2360	2502
2361	2425
2361	2443
2361	2461
2361	2496
2362	2469
2362	2481
2362	2483
2362	2500
2363	2388
2363	2458
2363	2502
2363	2503
2364	2483
2364	2502
2365	2383
2365	2473
2365	2502
2365	2503
2366	2443
2366	2473
2366	2499
2366	2501
2367	2435
2367	2456
2367	2471
2367	2493
2368	2459
2368	2484
2368	2502
2368	2503
2369	2423
2369	2441
2369	2477
2370	2441
2370	2481
2370	2501
2370	2502
2371	2402
2371	2448
2371	2502
2371	2503
2372	2463
2372	2473
2372	2503
2373	2375
2373	2461
2373	2475
2373	2476
2373	2502
2374	2424
2374	2450
2374	2455
2374	2477
2374	2501
2374	2503
2375	2410
2375	2431
2375	2464
2375	2490
2375	2494
2375	2503
2376	2398
2376	2501
2377	2443
2377	2501
2377	2502
2377	2503
2378	2500
2378	2502
2378	2503
2379	2399
2379	2500
2379	2503
2380	2425
2380	2464
2380	2501
2380	2503
2381	2431
2381	2501
2381	2503
2382	2461
2382	2501
2382	2502
2383	2436
2383	2470
2383	2476
2383	2502
2383	2503
2384	2386
2384	2403
2384	2455
2384	2497
2384	2503
2385	2389
2385	2485
2385	2499
2385	2503
2386	2446
2386	2463
2386	2502
2387	2503
2388	2394
2388	2408
2388	2454
2388	2503
2389	2406
2389	2416
2389	2461
2389	2491
2389	2502
2389	2503
2390	2450
2390	2454
2390	2459
2390	2487
2390	2503
2391	2398
2391	2405
2391	2467
2391	2501
2391	2502
2391	2503
2392	2406
2392	2415
2392	2443
2392	2450
2392	2461
2392	2485
2392	2501
2392	2502
2393	2464
2393	2477
2393	2495
2393	2500
2393	2502
2393	2503
2394	2472
2394	2502
2394	2503
2395	2396
2395	2397
2395	2502
2395	2503
2396	2448
2396	2468
2396	2490
2396	2503
2397	2401
2397	2468
2397	2479
2397	2501
2397	2503
2398	2464
2398	2494
2398	2502
2398	2503
2399	2434
2399	2438
2399	2450
2399	2500
2399	2502
2400	2420
2400	2446
2400	2494
2400	2496
2400	2499
2400	2502
2400	2503
2401	2410
2401	2459
2401	2502
2401	2503
2402	2410
2402	2462
2402	2480
2402	2501
2402	2502
2403	2483
2403	2486
2403	2499
2403	2502
2403	2503
2404	2427
2404	2438
2404	2455
2404	2464
2404	2502
2404	2503
2405	2476
2405	2488
2405	2500
2405	2503
2406	2502
2406	2503
2407	2446
2407	2480
2407	2481
2407	2484
2407	2503
2408	2502
2408	2503
2409	2467
2409	2476
2409	2501
2409	2502
2409	2503
2410	2430
2410	2498
2410	2500
2410	2501
2410	2502
2410	2503
2411	2422
2411	2497
2411	2502
2411	2503
2412	2499
2412	2501
2412	2502
2412	2503
2413	2438
2413	2472
2413	2502
2413	2503
2414	2444
2414	2467
2414	2490
2414	2502
2414	2503
2415	2417
2415	2462
2415	2473
2415	2497
2415	2500
2415	2501
2416	2481
2416	2501
2416	2502
2416	2503
2417	2432
2417	2474
2417	2486
2417	2502
2417	2503
2418	2452
2418	2470
2418	2503
2419	2500
2419	2501
2419	2502
2419	2503
2420	2423
2420	2443
2420	2463
2420	2481
2420	2494
2420	2500
2420	2502
2420	2503
2421	2489
2421	2503
2422	2450
2422	2496
2422	2502
2422	2503
2423	2434
2423	2442
2423	2492
2423	2496
2423	2500
2423	2501
2423	2502
2423	2503
2424	2430
2424	2451
2424	2468
2424	2495
2424	2503
2425	2451
2425	2499
2425	2500
2425	2502
2425	2503
2426	2430
2426	2434
2426	2437
2426	2459
2426	2478
2426	2481
2426	2483
2426	2501
2426	2503
2427	2445
2427	2483
2427	2489
2427	2491
2427	2503
2428	2477
2428	2485
2428	2491
2428	2493
2428	2499
2428	2503
2429	2449
2429	2462
2429	2502
2429	2503
2430	2437
2430	2499
2430	2503
2431	2479
2431	2488
2431	2502
2431	2503
2432	2470
2432	2473
2432	2481
2432	2487
2432	2500
2432	2503
2433	2468
2433	2472
2433	2482
2433	2503
2434	2499
2434	2500
2434	2501
2434	2502
2434	2503
2435	2470
2435	2499
2435	2500
2435	2502
2435	2503
2436	2487
2436	2489
2436	2494
2436	2501
2436	2502
2436	2503
2437	2501
2437	2503
2438	2442
2438	2452
2438	2500
2438	2501
2438	2502
2438	2503
2439	2464
2439	2500
2439	2502
2439	2503
2440	2447
2440	2451
2440	2455
2440	2497
2440	2501
2440	2503
2441	2446
2441	2502
2441	2503
2442	2476
2442	2500
2442	2502
2442	2503
2443	2445
2443	2455
2443	2473
2443	2502
2443	2503
2444	2461
2444	2478
2444	2501
2444	2502
2444	2503
2445	2457
2445	2480
2445	2503
2446	2448
2446	2456
2446	2501
2446	2503
2447	2453
2447	2459
2447	2462
2447	2465
2447	2481
2447	2499
2447	2501
2447	2502
2448	2461
2448	2469
2448	2502
2448	2503
2449	2493
2449	2498
2449	2501
2449	2502
2449	2503
2450	2469
2450	2484
2450	2497
2450	2500
2450	2503
2451	2470
2451	2495
2451	2500
2451	2501
2451	2502
2451	2503
2452	2466
2452	2485
2452	2488
2452	2500
2452	2502
2452	2503
2453	2465
2453	2472
2453	2486
2453	2495
2453	2501
2453	2502
2453	2503
2454	2484
2454	2501
2454	2502
2454	2503
2455	2500
2455	2501
2455	2502
2455	2503
2456	2469
2456	2479
2456	2487
2456	2503
2457	2471
2457	2498
2457	2499
2457	2502
2457	2503
2458	2488
2458	2493
2458	2499
2458	2500
2458	2502
2458	2503
2459	2482
2459	2501
2459	2502
2459	2503
2460	2479
2460	2493
2460	2497
2460	2500
2460	2502
2460	2503
2461	2474
2461	2484
2461	2501
2461	2502
2461	2503
2462	2468
2462	2475
2462	2479
2462	2483
2462	2485
2462	2499
2462	2500
2462	2501
2462	2502
2462	2503
2463	2490
2463	2501
2463	2503
2464	2496
2464	2500
2464	2502
2464	2503
2465	2496
2465	2499
2465	2502
2465	2503
2466	2488
2466	2497
2466	2499
2466	2500
2466	2501
2466	2502
2466	2503
2467	2491
2467	2496
2467	2502
2467	2503
2468	2489
2468	2495
2468	2496
2468	2499
2468	2500
2468	2501
2468	2502
2468	2503
2469	2480
2469	2482
2469	2483
2469	2489
2469	2496
2469	2499
2469	2501
2469	2502
2469	2503
2470	2481
2470	2482
2470	2489
2470	2498
2470	2499
2470	2502
2470	2503
2471	2489
2471	2501
2471	2502
2471	2503
2472	2482
2472	2494
2472	2500
2472	2501
2472	2502
2472	2503
2473	2478
2473	2500
2473	2502
2473	2503
2474	2481
2474	2492
2474	2497
2474	2500
2474	2501
2474	2502
2474	2503
2475	2485
2475	2488
2475	2500
2475	2502
2475	2503
2476	2499
2476	2501
2476	2502
2476	2503
2477	2478
2477	2486
2477	2492
2477	2499
2477	2500
2477	2502
2477	2503
2478	2486
2478	2493
2478	2499
2478	2501
2478	2502
2478	2503
2479	2481
2479	2482
2479	2500
2479	2501
2479	2502
2479	2503
2480	2494
2480	2497
2480	2500
2480	2501
2480	2502
2480	2503
2481	2501
2481	2502
2481	2503
2482	2484
2482	2487
2482	2491
2482	2494
2482	2497
2482	2500
2482	2501
2482	2502
2482	2503
2483	2500
2483	2501
2483	2502
2483	2503
2484	2501
2484	2502
2484	2503
2485	2495
2485	2498
2485	2499
2485	2501
2485	2502
2485	2503
2486	2493
2486	2501
2486	2502
2486	2503
2487	2488
2487	2502
2487	2503
2488	2493
2488	2502
2488	2503
2489	2494
2489	2500
2489	2501
2489	2502
2489	2503
2490	2499
2490	2500
2490	2501
2490	2502
2490	2503
2491	2494
2491	2500
2491	2501
2491	2502
2491	2503
2492	2493
2492	2498
2492	2500
2492	2501
2492	2502
2492	2503
2493	2500
2493	2501
2493	2502
2493	2503
2494	2495
2494	2499
2494	2501
2494	2503
2495	2500
2495	2501
2495	2502
2495	2503
2496	2498
2496	2500
2496	2502
2496	2503
2497	2499
2497	2501
2497	2502
2497	2503
2498	2500
2498	2501
2498	2502
2498	2503
2499	2501
2499	2502
2499	2503
2500	2501
2500	2502
2500	2503
2501	2502
2501	2503
2502	2503
