1 4
1 5
1 2
1 3
1 6
4 5
4 2
4 3
4 6
5 2
5 3
5 6
2 3
2 6
3 6
9 4
7 5
8 1
10 11
10 3
10 12
11 12
13 14
13 15
14 15
13 3
18 17
18 22
18 19
18 20
18 16
18 21
17 22
17 19
17 20
17 16
17 21
22 19
22 20
22 16
22 21
19 20
19 16
19 21
20 16
20 21
16 21
17 23
18 24
20 25
20 26
10 16
13 16
30 31
30 27
30 29
30 32
30 33
30 28
31 27
31 29
31 32
31 33
31 28
27 29
27 32
27 33
27 28
29 32
29 33
29 28
32 33
32 28
33 28
29 38
33 37
33 36
30 35
30 34
13 27
27 10
41 40
41 39
41 42
41 43
40 39
40 42
40 43
39 42
39 43
42 43
41 44
43 45
43 46
39 10
48 52
48 49
48 47
48 53
48 50
48 51
52 49
52 47
52 53
52 50
52 51
49 47
49 53
49 50
49 51
47 53
47 50
47 51
53 50
53 51
50 51
51 54
53 55
48 56
52 57
49 58
50 13
39 13
50 10
