0 2
0 3
0 4
0 5
0 6
0 19
0 21
0 23
0 24
0 50
0 62
0 68
0 70
0 73
0 86
0 90
0 91
0 93
0 100
0 121
0 126
0 187
0 192
0 196
1 2
1 13
1 69
1 86
2 3
2 4
2 5
2 6
2 9
2 12
2 14
2 22
2 23
2 26
2 29
2 39
2 46
2 51
2 62
2 66
2 78
2 80
2 87
2 96
2 104
2 115
2 136
2 142
2 143
2 150
3 8
3 10
3 11
3 16
3 17
3 24
3 28
3 36
3 40
3 42
3 44
3 52
3 66
3 74
3 79
3 101
3 103
3 114
3 123
3 126
3 135
3 137
3 145
3 195
3 196
4 7
4 8
4 10
4 12
4 15
4 17
4 20
4 21
4 22
4 27
4 28
4 30
4 42
4 43
4 45
4 49
4 50
4 54
4 58
4 64
4 67
4 72
4 87
4 106
4 116
4 121
4 139
4 141
4 179
4 184
4 190
5 7
5 48
5 81
5 93
5 159
5 164
6 26
6 182
7 19
7 129
7 174
8 9
8 14
8 25
8 31
8 57
8 58
8 85
8 97
8 138
8 139
8 160
8 188
9 20
9 25
9 36
9 80
9 109
9 118
9 144
9 151
9 155
9 156
9 168
9 192
9 193
10 11
10 13
10 32
10 33
10 60
10 61
10 76
10 89
10 123
10 174
10 175
11 15
11 18
11 32
11 34
11 55
11 65
11 67
11 99
11 111
11 112
11 120
11 125
11 133
11 135
11 186
12 45
12 47
12 55
12 63
12 75
12 83
12 147
12 166
12 175
13 34
13 48
13 84
13 120
13 134
13 144
13 167
13 173
13 185
14 18
14 41
14 90
14 108
14 113
14 119
15 16
15 65
15 77
16 33
16 37
16 40
16 63
18 149
19 44
19 60
20 57
20 61
20 88
20 98
20 132
21 38
21 116
21 133
22 53
22 171
23 46
23 76
23 128
23 197
24 27
24 31
24 38
24 49
24 51
24 163
24 166
24 177
26 30
26 41
26 43
26 54
26 101
26 134
26 136
26 185
26 199
27 29
27 37
27 92
27 100
27 169
27 180
28 64
28 72
28 142
28 162
28 164
28 176
29 132
29 140
30 153
31 35
31 59
31 74
31 88
31 157
32 109
32 125
32 160
33 35
33 73
33 186
34 39
34 107
34 113
34 124
35 78
35 81
35 82
35 96
38 56
38 106
38 117
38 145
38 187
39 115
39 189
43 71
43 85
43 129
43 183
45 47
45 56
45 71
46 52
48 107
48 124
49 110
49 189
51 102
51 176
52 53
52 68
52 92
53 91
53 114
55 59
55 89
55 94
55 119
55 158
59 69
59 77
59 98
59 146
60 70
60 82
60 83
60 84
60 118
60 152
63 75
63 131
67 130
69 122
70 105
70 110
70 165
71 172
72 79
73 95
73 178
73 179
74 173
74 198
75 152
76 161
77 194
78 103
80 94
81 158
83 99
83 154
84 111
84 130
84 138
86 95
86 127
86 169
88 108
88 148
89 167
90 104
90 105
90 143
90 177
90 183
92 127
94 128
95 97
96 102
96 194
97 117
97 140
97 148
98 146
101 141
103 122
108 198
109 137
110 112
111 182
112 156
113 131
113 157
115 181
115 195
116 161
119 149
120 150
120 153
120 191
120 199
129 178
130 184
132 147
136 151
140 170
141 191
142 155
146 154
147 190
151 168
153 159
155 163
156 165
156 172
161 162
161 171
161 193
162 170
166 181
174 188
179 180
187 197
