57	524	1
305	337	1
57	289	1
289	524	1
289	513	1
58	268	1
268	437	1
337	435	1
305	435	1
268	298	1
298	437	1
289	335	1
57	392	1
57	281	1
281	524	1
281	289	1
281	392	1
57	524	1
305	337	1
57	289	1
289	524	1
289	513	1
58	268	1
268	437	1
337	435	1
305	435	1
268	298	1
298	437	1
289	335	1
57	392	1
57	281	1
281	524	1
281	289	1
281	392	1
57	524	1
305	337	1
57	289	1
289	524	1
289	513	1
58	268	1
268	437	1
337	435	1
305	435	1
268	298	1
298	437	1
289	335	1
57	392	1
57	281	1
281	524	1
281	289	1
281	392	1
57	541	1
524	541	1
289	541	1
335	541	1
281	541	1
58	157	1
157	268	1
157	437	1
157	298	1
58	210	1
210	268	1
157	210	1
316	524	1
289	316	1
316	513	1
316	495	1
57	453	1
453	524	1
289	453	1
453	541	1
58	115	1
115	268	1
115	437	1
115	298	1
115	157	1
57	109	1
109	524	1
109	289	1
109	281	1
109	541	1
268	306	1
306	437	1
58	582	1
268	582	1
437	582	1
298	582	1
115	582	1
306	582	1
268	409	1
409	437	1
210	409	1
115	409	1
409	582	1
58	249	1
249	268	1
249	298	1
115	249	1
249	306	1
249	582	1
249	409	1
58	623	1
268	623	1
249	623	1
171	572	1
503	516	1
58	624	1
268	624	1
437	624	1
298	624	1
157	624	1
210	624	1
115	624	1
306	624	1
582	624	1
409	624	1
249	624	1
623	624	1
268	625	1
437	625	1
298	625	1
115	625	1
409	625	1
623	625	1
624	625	1
273	598	1
242	367	1
412	598	1
273	412	1
333	425	1
346	367	1
346	516	1
346	503	1
58	410	1
268	410	1
410	437	1
298	410	1
328	410	1
157	410	1
210	410	1
115	410	1
306	410	1
410	582	1
409	410	1
249	410	1
410	623	1
410	624	1
410	625	1
228	610	1
296	328	1
296	410	1
58	519	1
268	519	1
437	519	1
157	519	1
210	519	1
115	519	1
306	519	1
519	582	1
409	519	1
249	519	1
519	623	1
519	624	1
519	625	1
410	519	1
57	141	1
141	524	1
141	289	1
141	335	1
141	281	1
141	495	1
141	541	1
141	316	1
141	453	1
109	141	1
56	242	1
57	498	1
498	524	1
289	498	1
281	498	1
453	498	1
141	498	1
57	309	1
309	524	1
289	309	1
309	513	1
309	335	1
281	309	1
309	541	1
309	316	1
309	453	1
109	309	1
141	309	1
309	498	1
171	321	1
328	596	1
410	596	1
296	596	1
38	268	1
38	333	1
38	425	1
152	244	1
152	200	1
152	207	1
29	516	1
29	553	1
29	503	1
29	346	1
21	303	1
57	308	1
308	524	1
289	308	1
281	308	1
308	541	1
308	316	1
308	453	1
109	308	1
141	308	1
308	309	1
240	545	1
57	292	1
289	292	1
292	335	1
281	292	1
292	541	1
292	453	1
109	292	1
141	292	1
292	498	1
292	309	1
292	308	1
268	510	1
437	510	1
298	510	1
115	510	1
306	510	1
510	582	1
249	510	1
510	624	1
410	510	1
510	519	1
139	171	1
268	566	1
566	624	1
410	566	1
328	403	1
403	596	1
202	463	1
10	545	1
10	240	1
334	367	1
242	334	1
309	612	1
368	572	1
171	368	1
250	333	1
250	425	1
38	250	1
268	401	1
333	401	1
38	401	1
250	401	1
244	507	1
503	507	1
346	507	1
200	507	1
207	507	1
152	507	1
29	507	1
333	608	1
425	608	1
250	608	1
57	114	1
114	524	1
114	289	1
58	114	1
114	268	1
114	437	1
114	298	1
114	335	1
114	392	1
114	281	1
114	541	1
114	157	1
114	453	1
114	115	1
109	114	1
114	306	1
114	582	1
114	409	1
114	249	1
114	624	1
114	625	1
114	410	1
114	519	1
114	141	1
114	498	1
114	309	1
114	308	1
114	292	1
114	510	1
114	566	1
114	401	1
9	58	1
9	437	1
9	298	1
9	157	1
9	115	1
9	306	1
9	582	1
9	409	1
9	249	1
9	624	1
9	410	1
9	519	1
9	510	1
9	114	1
58	486	1
268	486	1
437	486	1
298	486	1
115	486	1
306	486	1
486	582	1
249	486	1
486	624	1
410	486	1
486	519	1
486	510	1
114	486	1
9	486	1
6	57	1
6	524	1
6	289	1
6	513	1
6	335	1
6	281	1
6	541	1
6	109	1
6	141	1
6	498	1
6	309	1
6	308	1
6	292	1
6	114	1
425	426	1
250	426	1
401	426	1
383	541	1
309	383	1
323	515	1
152	515	1
507	515	1
244	449	1
152	449	1
449	507	1
351	399	1
545	554	1
240	554	1
10	554	1
299	358	1
471	553	1
346	471	1
200	471	1
152	471	1
471	507	1
186	535	1
335	535	1
6	535	1
61	367	1
61	463	1
61	242	1
61	202	1
61	334	1
265	516	1
265	503	1
242	265	1
265	346	1
200	265	1
29	265	1
265	471	1
200	501	1
29	501	1
501	507	1
448	610	1
542	545	1
240	542	1
10	542	1
542	554	1
244	561	1
200	561	1
152	561	1
507	561	1
515	561	1
449	561	1
471	561	1
66	299	1
66	358	1
452	608	1
58	143	1
143	268	1
143	437	1
143	298	1
143	157	1
143	210	1
115	143	1
143	306	1
143	582	1
143	409	1
143	249	1
143	623	1
143	624	1
143	625	1
143	410	1
143	519	1
143	498	1
143	510	1
114	143	1
9	143	1
143	486	1
414	624	1
545	619	1
240	619	1
10	619	1
554	619	1
542	619	1
203	545	1
203	240	1
10	203	1
203	542	1
203	619	1
441	545	1
240	441	1
441	554	1
441	542	1
441	619	1
203	441	1
179	367	1
152	179	1
61	179	1
105	545	1
105	240	1
10	105	1
105	615	1
105	554	1
105	542	1
105	619	1
105	203	1
26	572	1
26	171	1
26	368	1
277	624	1
277	414	1
235	291	1
295	299	1
295	358	1
66	295	1
330	574	1
177	240	1
377	545	1
240	377	1
377	554	1
377	542	1
377	619	1
203	377	1
105	377	1
145	200	1
145	152	1
145	507	1
145	471	1
545	606	1
240	606	1
10	606	1
554	606	1
542	606	1
606	619	1
203	606	1
105	606	1
377	606	1
199	554	1
351	402	1
402	507	1
399	402	1
340	545	1
240	340	1
340	542	1
340	619	1
203	340	1
340	441	1
340	606	1
36	346	1
49	249	1
9	49	1
404	545	1
240	404	1
10	404	1
404	554	1
404	619	1
203	404	1
105	404	1
404	606	1
135	186	1
135	289	1
135	335	1
135	541	1
135	141	1
135	309	1
135	292	1
6	135	1
135	383	1
135	535	1
195	518	1
518	545	1
240	518	1
518	554	1
518	619	1
441	518	1
105	518	1
377	518	1
21	469	1
303	469	1
58	628	1
268	628	1
437	628	1
298	628	1
115	628	1
582	628	1
623	628	1
624	628	1
410	628	1
519	628	1
152	628	1
510	628	1
114	628	1
9	628	1
486	628	1
143	628	1
221	545	1
221	240	1
10	221	1
221	554	1
221	542	1
203	221	1
221	606	1
444	610	1
444	606	1
206	268	1
206	298	1
206	409	1
206	249	1
206	624	1
206	625	1
206	410	1
206	519	1
206	510	1
143	206	1
151	367	1
151	242	1
56	151	1
151	334	1
61	151	1
151	265	1
337	415	1
305	415	1
415	435	1
69	495	1
227	545	1
227	240	1
227	340	1
227	404	1
299	585	1
358	585	1
66	585	1
295	585	1
171	343	1
321	343	1
139	343	1
343	368	1
148	610	1
148	330	1
148	574	1
158	448	1
448	613	1
158	613	1
365	553	1
346	365	1
29	365	1
365	507	1
186	509	1
253	374	1
36	253	1
244	423	1
200	423	1
207	423	1
152	423	1
423	507	1
423	515	1
423	471	1
423	561	1
132	367	1
132	610	1
132	463	1
132	374	1
132	242	1
132	228	1
56	132	1
132	202	1
132	334	1
132	554	1
61	132	1
132	448	1
62	132	1
132	179	1
132	469	1
132	444	1
132	151	1
132	148	1
132	158	1
132	613	1
367	378	1
242	378	1
56	378	1
202	378	1
334	378	1
61	378	1
179	378	1
151	378	1
132	378	1
204	545	1
204	619	1
203	204	1
105	204	1
204	377	1
204	606	1
545	551	1
240	551	1
10	551	1
551	554	1
542	551	1
551	619	1
203	551	1
441	551	1
105	551	1
377	551	1
551	606	1
340	551	1
518	551	1
221	551	1
227	551	1
204	551	1
574	603	1
148	603	1
253	603	1
24	545	1
24	240	1
10	24	1
24	542	1
24	619	1
24	203	1
24	377	1
24	606	1
24	340	1
24	518	1
24	227	1
24	551	1
410	552	1
200	552	1
552	566	1
471	552	1
167	367	1
167	463	1
167	202	1
61	167	1
36	167	1
132	167	1
167	378	1
339	507	1
339	501	1
155	510	1
201	340	1
55	475	1
55	139	1
55	343	1
152	236	1
236	507	1
236	471	1
236	561	1
145	236	1
236	423	1
236	552	1
236	339	1
228	342	1
303	342	1
342	469	1
195	468	1
468	545	1
240	468	1
10	468	1
468	554	1
468	542	1
468	619	1
203	468	1
441	468	1
105	468	1
377	468	1
468	606	1
340	468	1
468	518	1
221	468	1
204	468	1
24	468	1
341	516	1
200	341	1
341	515	1
265	341	1
240	379	1
177	379	1
125	516	1
125	503	1
125	346	1
29	125	1
125	265	1
125	365	1
125	236	1
187	202	1
61	187	1
179	187	1
21	153	1
153	303	1
49	153	1
153	469	1
153	603	1
237	545	1
237	240	1
10	237	1
237	615	1
237	542	1
237	619	1
237	441	1
237	377	1
237	606	1
237	340	1
237	404	1
237	518	1
237	551	1
24	237	1
201	237	1
237	468	1
49	458	1
167	458	1
119	548	1
202	282	1
282	554	1
61	282	1
132	282	1
282	378	1
167	282	1
187	282	1
282	458	1
239	553	1
239	503	1
239	346	1
200	239	1
239	471	1
239	265	1
145	239	1
125	239	1
330	422	1
13	340	1
13	201	1
572	594	1
171	594	1
368	594	1
343	594	1
53	244	1
53	200	1
53	207	1
53	152	1
53	507	1
53	515	1
53	449	1
53	471	1
53	561	1
53	145	1
53	423	1
53	236	1
85	349	1
517	572	1
171	517	1
368	517	1
343	517	1
517	594	1
200	570	1
152	570	1
507	570	1
515	570	1
471	570	1
265	570	1
561	570	1
145	570	1
423	570	1
552	570	1
236	570	1
53	570	1
37	367	1
37	463	1
37	242	1
37	202	1
37	334	1
37	61	1
37	151	1
37	132	1
37	378	1
37	167	1
37	282	1
260	553	1
152	260	1
260	507	1
179	260	1
260	402	1
260	628	1
206	260	1
260	423	1
369	545	1
240	369	1
10	369	1
369	554	1
369	542	1
203	369	1
369	441	1
369	606	1
369	518	1
221	369	1
369	551	1
369	468	1
464	610	1
21	464	1
303	464	1
464	469	1
132	464	1
342	464	1
153	464	1
553	604	1
503	604	1
346	604	1
29	604	1
507	604	1
265	604	1
145	604	1
125	604	1
553	616	1
346	616	1
152	616	1
29	616	1
507	616	1
471	616	1
265	616	1
339	616	1
125	616	1
604	616	1
21	63	1
63	330	1
63	303	1
63	469	1
63	603	1
63	342	1
63	153	1
247	349	1
85	247	1
65	268	1
65	244	1
65	516	1
65	323	1
65	553	1
65	503	1
65	346	1
65	445	1
65	200	1
65	207	1
65	152	1
29	65	1
65	507	1
65	515	1
65	449	1
65	471	1
65	265	1
65	501	1
65	561	1
65	145	1
65	423	1
65	339	1
65	236	1
65	125	1
53	65	1
65	260	1
65	604	1
65	616	1
340	466	1
24	466	1
201	466	1
474	545	1
240	474	1
10	474	1
441	474	1
105	474	1
474	606	1
340	474	1
474	518	1
474	551	1
24	474	1
468	474	1
237	474	1
13	474	1
484	545	1
240	484	1
10	484	1
484	542	1
484	619	1
203	484	1
441	484	1
484	606	1
340	484	1
484	551	1
24	484	1
468	484	1
237	484	1
369	484	1
474	484	1
175	471	1
175	574	1
175	603	1
126	200	1
126	507	1
126	471	1
126	265	1
126	145	1
126	423	1
126	552	1
126	236	1
126	570	1
64	351	1
64	399	1
64	402	1
534	574	1
175	534	1
176	515	1
84	516	1
84	503	1
84	346	1
29	84	1
84	507	1
84	471	1
84	265	1
84	341	1
84	125	1
84	239	1
84	604	1
65	84	1
514	516	1
503	514	1
346	514	1
200	514	1
29	514	1
507	514	1
471	514	1
265	514	1
145	514	1
365	514	1
236	514	1
125	514	1
349	514	1
514	570	1
514	604	1
65	514	1
126	514	1
84	514	1
152	293	1
260	293	1
65	293	1
231	553	1
200	231	1
152	231	1
29	231	1
231	507	1
231	515	1
231	471	1
231	265	1
231	561	1
145	231	1
231	423	1
231	552	1
231	236	1
231	239	1
53	231	1
231	570	1
65	231	1
126	231	1
231	514	1
132	531	1
324	328	1
200	324	1
152	324	1
324	507	1
324	515	1
324	471	1
324	561	1
324	423	1
53	324	1
65	324	1
200	241	1
152	241	1
241	507	1
241	515	1
241	471	1
241	561	1
145	241	1
241	423	1
236	241	1
239	241	1
53	241	1
241	570	1
65	241	1
126	241	1
241	514	1
231	241	1
217	463	1
202	217	1
217	334	1
217	554	1
61	217	1
132	217	1
167	217	1
187	217	1
217	282	1
37	217	1
217	531	1
169	334	1
61	169	1
132	169	1
169	378	1
169	282	1
37	169	1
169	217	1
338	346	1
207	338	1
152	338	1
338	507	1
338	423	1
260	338	1
65	338	1
231	338	1
557	610	1
21	557	1
469	557	1
444	557	1
132	557	1
19	545	1
10	19	1
19	542	1
19	619	1
19	203	1
19	606	1
19	221	1
19	551	1
19	237	1
19	369	1
22	610	1
22	228	1
21	22	1
22	303	1
22	448	1
22	469	1
22	342	1
22	464	1
22	63	1
22	557	1
195	220	1
220	545	1
220	240	1
10	220	1
220	554	1
220	542	1
220	619	1
203	220	1
220	441	1
105	220	1
220	606	1
220	340	1
220	404	1
220	518	1
220	551	1
24	220	1
220	468	1
220	237	1
220	474	1
220	484	1
171	480	1
480	574	1
480	603	1
480	594	1
480	517	1
175	480	1
480	534	1
195	353	1
353	545	1
240	353	1
10	353	1
353	542	1
353	619	1
203	353	1
353	441	1
105	353	1
353	606	1
353	518	1
353	551	1
353	468	1
237	353	1
353	474	1
220	353	1
21	350	1
303	350	1
350	469	1
148	350	1
342	350	1
153	350	1
350	464	1
63	350	1
22	350	1
200	490	1
152	490	1
490	507	1
490	515	1
471	490	1
265	490	1
490	561	1
145	490	1
423	490	1
490	552	1
236	490	1
53	490	1
490	570	1
65	490	1
126	490	1
490	514	1
231	490	1
324	490	1
241	490	1
83	367	1
83	242	1
83	151	1
83	132	1
37	83	1
25	303	1
25	387	1
440	572	1
171	440	1
321	440	1
303	440	1
368	440	1
26	440	1
131	440	1
343	440	1
440	594	1
440	517	1
440	480	1
216	610	1
21	216	1
216	303	1
216	469	1
216	444	1
216	342	1
216	464	1
63	216	1
216	557	1
22	216	1
367	382	1
61	382	1
132	382	1
378	382	1
37	382	1
83	382	1
130	516	1
130	553	1
130	503	1
130	346	1
130	200	1
29	130	1
130	507	1
130	471	1
130	265	1
130	145	1
130	365	1
130	236	1
125	130	1
130	239	1
130	570	1
130	604	1
65	130	1
84	130	1
130	514	1
268	347	1
347	516	1
347	553	1
347	445	1
347	351	1
152	347	1
347	507	1
347	399	1
143	347	1
179	347	1
347	402	1
347	628	1
206	347	1
125	347	1
260	347	1
347	616	1
65	347	1
64	347	1
338	347	1
374	500	1
228	500	1
63	500	1
500	557	1
216	500	1
200	565	1
152	565	1
507	565	1
471	565	1
53	565	1
565	570	1
65	565	1
490	565	1
442	463	1
242	442	1
202	442	1
61	442	1
151	442	1
132	442	1
167	442	1
282	442	1
37	442	1
217	442	1
169	442	1
54	458	1
54	433	1
21	89	1
89	303	1
89	469	1
89	342	1
89	153	1
89	464	1
63	89	1
22	89	1
89	350	1
89	216	1
387	457	1
457	480	1
25	457	1
252	516	1
252	553	1
252	503	1
252	346	1
29	252	1
252	507	1
252	265	1
252	501	1
145	252	1
252	365	1
125	252	1
252	604	1
252	616	1
65	252	1
84	252	1
252	514	1
130	252	1
243	610	1
243	463	1
228	243	1
243	448	1
62	243	1
243	444	1
158	243	1
243	613	1
132	243	1
243	282	1
217	243	1
243	557	1
443	545	1
240	443	1
10	443	1
443	554	1
443	542	1
443	619	1
443	606	1
443	518	1
443	551	1
443	468	1
369	443	1
19	443	1
21	439	1
303	439	1
439	469	1
342	439	1
153	439	1
439	464	1
63	439	1
439	557	1
22	439	1
350	439	1
216	439	1
89	439	1
28	228	1
28	303	1
28	448	1
28	62	1
28	131	1
28	444	1
28	148	1
28	158	1
28	613	1
28	132	1
28	557	1
28	243	1
318	574	1
148	318	1
318	603	1
318	342	1
121	572	1
121	171	1
121	321	1
121	303	1
121	139	1
26	121	1
121	574	1
121	343	1
55	121	1
121	594	1
121	517	1
121	480	1
121	440	1
391	603	1
391	534	1
318	391	1
198	244	1
198	409	1
198	200	1
198	207	1
152	198	1
198	507	1
198	515	1
198	471	1
198	561	1
145	198	1
198	423	1
198	236	1
53	198	1
198	570	1
198	616	1
65	198	1
126	198	1
198	514	1
198	231	1
198	324	1
198	241	1
198	338	1
198	490	1
130	198	1
198	565	1
118	200	1
118	152	1
118	507	1
118	515	1
118	449	1
118	471	1
118	561	1
118	423	1
118	236	1
53	118	1
118	570	1
118	260	1
118	616	1
65	118	1
118	126	1
118	514	1
118	231	1
118	324	1
118	241	1
118	338	1
118	490	1
118	565	1
118	198	1
348	516	1
348	553	1
348	503	1
346	348	1
29	348	1
265	348	1
341	348	1
239	348	1
348	604	1
65	348	1
348	514	1
130	348	1
252	348	1
211	249	1
211	503	1
211	624	1
211	410	1
211	519	1
211	445	1
200	211	1
211	507	1
9	211	1
211	515	1
211	471	1
211	561	1
179	211	1
211	552	1
53	211	1
65	211	1
126	211	1
211	324	1
211	241	1
198	211	1
118	211	1
545	554	1
542	554	1
554	619	1
203	554	1
554	606	1
199	554	1
340	554	1
404	554	1
132	554	1
24	554	1
19	554	1
220	554	1
353	554	1
146	448	1
132	146	1
146	603	1
146	342	1
238	346	1
238	507	1
53	238	1
238	604	1
65	238	1
238	324	1
130	238	1
198	238	1
257	480	1
330	520	1
520	603	1
228	419	1
21	419	1
202	419	1
61	419	1
179	419	1
132	419	1
378	419	1
167	419	1
187	419	1
282	419	1
63	419	1
217	419	1
382	419	1
419	442	1
419	554	1
146	419	1
244	523	1
200	523	1
207	523	1
152	523	1
29	523	1
507	523	1
515	523	1
449	523	1
471	523	1
523	561	1
145	523	1
523	628	1
206	523	1
423	523	1
53	523	1
523	570	1
260	523	1
523	616	1
65	523	1
514	523	1
231	523	1
324	523	1
241	523	1
338	523	1
490	523	1
347	523	1
523	565	1
198	523	1
118	523	1
211	523	1
49	80	1
80	387	1
28	80	1
152	499	1
499	507	1
423	499	1
53	499	1
260	499	1
65	499	1
347	499	1
198	499	1
118	499	1
499	523	1
448	562	1
387	562	1
25	562	1
80	562	1
107	367	1
107	463	1
107	242	1
56	107	1
107	202	1
107	334	1
61	107	1
107	179	1
107	151	1
107	132	1
107	378	1
107	167	1
107	282	1
37	107	1
107	217	1
107	442	1
107	419	1
77	610	1
77	148	1
77	132	1
63	77	1
22	77	1
77	350	1
77	243	1
380	480	1
257	380	1
380	562	1
195	254	1
254	545	1
240	254	1
10	254	1
254	615	1
254	554	1
254	542	1
254	619	1
203	254	1
254	441	1
105	254	1
254	377	1
254	606	1
254	340	1
254	404	1
254	518	1
221	254	1
227	254	1
204	254	1
254	551	1
24	254	1
254	468	1
237	254	1
254	369	1
254	474	1
254	484	1
19	254	1
220	254	1
254	353	1
254	443	1
254	554	1
215	574	1
148	215	1
215	603	1
175	215	1
215	534	1
215	480	1
146	215	1
396	545	1
240	396	1
10	396	1
396	619	1
377	396	1
396	606	1
396	404	1
396	518	1
204	396	1
24	396	1
396	468	1
237	396	1
396	474	1
220	396	1
353	396	1
254	396	1
16	303	1
16	131	1
16	534	1
16	121	1
16	391	1
279	603	1
175	279	1
279	480	1
216	279	1
121	279	1
215	279	1
219	433	1
54	219	1
244	493	1
493	516	1
493	503	1
207	493	1
152	493	1
29	493	1
493	507	1
493	515	1
449	493	1
493	561	1
493	628	1
423	493	1
125	493	1
53	493	1
493	604	1
493	616	1
65	493	1
493	514	1
324	493	1
338	493	1
490	493	1
130	493	1
252	493	1
198	493	1
118	493	1
211	493	1
238	493	1
493	523	1
95	445	1
95	507	1
65	95	1
95	211	1
230	572	1
171	230	1
139	230	1
230	368	1
55	230	1
230	594	1
230	517	1
230	440	1
121	230	1
159	424	1
325	387	1
25	325	1
80	325	1
325	562	1
460	572	1
171	460	1
321	460	1
139	460	1
368	460	1
343	460	1
55	460	1
460	594	1
460	517	1
440	460	1
121	460	1
230	460	1
171	258	1
172	333	1
172	545	1
171	172	1
152	172	1
29	172	1
172	240	1
10	172	1
172	250	1
172	554	1
172	265	1
172	501	1
172	561	1
108	172	1
172	606	1
172	199	1
172	340	1
36	172	1
172	404	1
172	518	1
132	172	1
20	172	1
172	387	1
172	237	1
172	349	1
172	282	1
53	172	1
172	517	1
172	616	1
65	172	1
172	433	1
172	474	1
172	484	1
172	534	1
172	217	1
172	220	1
172	480	1
172	428	1
54	172	1
172	457	1
172	243	1
121	172	1
172	198	1
172	554	1
172	238	1
172	257	1
172	523	1
172	562	1
172	254	1
172	215	1
172	219	1
172	493	1
172	325	1
76	495	1
69	76	1
268	599	1
437	599	1
298	599	1
157	599	1
115	599	1
582	599	1
249	599	1
599	623	1
599	624	1
410	599	1
519	599	1
445	599	1
510	599	1
566	599	1
114	599	1
9	599	1
486	599	1
143	599	1
599	628	1
206	599	1
406	554	1
199	406	1
406	554	1
172	406	1
171	386	1
321	386	1
139	386	1
343	386	1
55	386	1
121	386	1
230	386	1
386	460	1
140	387	1
25	140	1
140	325	1
140	172	1
351	483	1
399	483	1
402	483	1
64	483	1
347	483	1
370	387	1
25	370	1
370	428	1
370	457	1
28	370	1
257	370	1
80	370	1
370	562	1
325	370	1
172	370	1
140	370	1
337	390	1
305	390	1
390	435	1
390	572	1
171	390	1
390	475	1
390	425	1
321	390	1
152	390	1
317	390	1
139	390	1
368	390	1
390	608	1
390	452	1
26	390	1
390	574	1
131	390	1
36	390	1
390	415	1
343	390	1
148	390	1
253	390	1
132	390	1
390	603	1
55	390	1
159	390	1
390	594	1
390	517	1
175	390	1
390	534	1
390	480	1
390	440	1
252	390	1
318	390	1
121	390	1
390	391	1
257	390	1
380	390	1
215	390	1
16	390	1
279	390	1
230	390	1
390	424	1
390	460	1
258	390	1
172	390	1
386	390	1
60	200	1
60	507	1
60	471	1
60	236	1
60	570	1
60	231	1
60	241	1
60	490	1
60	198	1
60	118	1
103	152	1
60	103	1
98	268	1
98	437	1
98	306	1
98	249	1
98	624	1
98	410	1
98	519	1
98	510	1
98	566	1
98	114	1
9	98	1
98	143	1
98	599	1
530	572	1
171	530	1
321	530	1
368	530	1
471	530	1
26	530	1
343	530	1
148	530	1
530	594	1
517	530	1
530	534	1
480	530	1
440	530	1
121	530	1
215	530	1
279	530	1
230	530	1
460	530	1
258	530	1
172	530	1
386	530	1
390	530	1
374	446	1
36	446	1
253	446	1
446	603	1
446	480	1
390	446	1
152	532	1
507	532	1
423	532	1
260	532	1
65	532	1
523	532	1
497	608	1
452	497	1
390	497	1
117	200	1
117	207	1
117	152	1
117	507	1
117	515	1
117	471	1
117	402	1
117	423	1
117	236	1
53	117	1
117	570	1
117	260	1
117	616	1
65	117	1
117	293	1
117	231	1
117	324	1
117	241	1
117	338	1
117	490	1
117	347	1
117	565	1
117	198	1
117	118	1
117	523	1
117	499	1
117	493	1
117	532	1
299	336	1
336	358	1
66	336	1
336	585	1
23	171	1
23	480	1
23	121	1
23	258	1
23	172	1
23	390	1
23	530	1
110	207	1
110	152	1
110	515	1
110	570	1
65	110	1
110	324	1
110	347	1
110	198	1
110	493	1
60	110	1
166	572	1
166	171	1
166	368	1
26	166	1
166	343	1
166	594	1
166	517	1
166	230	1
166	460	1
166	390	1
166	530	1
225	367	1
225	242	1
202	225	1
61	225	1
179	225	1
151	225	1
132	225	1
225	378	1
187	225	1
225	282	1
217	225	1
225	382	1
225	442	1
225	419	1
107	225	1
122	337	1
122	305	1
122	235	1
122	335	1
122	333	1
122	299	1
122	152	1
122	292	1
122	608	1
114	122	1
6	122	1
122	554	1
122	358	1
122	535	1
122	451	1
66	122	1
122	452	1
122	291	1
122	295	1
122	135	1
122	585	1
122	282	1
12	122	1
122	487	1
122	347	1
122	390	1
122	336	1
92	299	1
92	358	1
66	92	1
92	585	1
92	390	1
92	336	1
92	122	1
299	477	1
358	477	1
66	477	1
477	585	1
336	477	1
122	477	1
92	477	1
313	524	1
88	545	1
88	240	1
10	88	1
88	615	1
88	554	1
88	542	1
88	619	1
88	203	1
88	441	1
88	105	1
88	377	1
88	606	1
88	340	1
88	404	1
88	518	1
88	221	1
88	551	1
24	88	1
88	468	1
88	237	1
88	369	1
88	474	1
88	484	1
19	88	1
88	220	1
88	353	1
88	443	1
88	254	1
88	396	1
88	172	1
263	303	1
263	444	1
28	263	1
263	390	1
27	171	1
27	343	1
27	594	1
27	517	1
27	440	1
27	121	1
27	230	1
27	460	1
27	390	1
27	530	1
27	166	1
57	508	1
508	524	1
289	508	1
281	508	1
508	541	1
109	508	1
141	508	1
498	508	1
309	508	1
292	508	1
114	508	1
6	508	1
228	352	1
303	352	1
132	352	1
63	352	1
352	557	1
243	352	1
318	352	1
352	391	1
146	352	1
36	164	1
164	253	1
164	603	1
164	480	1
164	390	1
164	530	1
164	446	1
160	211	2
65	417	2
65	211	2
65	160	2
211	417	2
160	417	2
152	211	2
152	160	2
427	541	2
152	260	2
114	498	2
260	347	2
427	498	2
211	523	2
233	427	2
211	260	2
498	541	2
65	118	2
160	260	2
152	523	2
152	347	2
309	541	2
309	427	2
141	427	2
141	309	2
160	523	2
114	541	2
114	427	2
141	541	2
65	507	2
292	364	2
135	427	2
233	541	2
135	233	2
417	523	2
292	427	2
65	260	2
211	507	2
364	427	2
507	523	2
233	335	2
160	347	2
289	309	2
292	541	2
65	152	2
289	541	2
152	417	2
233	292	2
186	233	2
65	523	2
233	498	2
135	541	2
118	211	2
292	309	2
211	347	2
233	309	2
141	233	2
364	498	2
118	160	2
292	498	2
211	423	2
198	417	2
152	293	2
289	427	2
309	498	2
423	523	2
141	498	2
141	292	2
32	114	2
65	347	2
6	427	2
198	507	2
160	507	2
135	335	2
118	523	2
364	541	2
309	364	2
135	309	2
207	417	2
135	141	2
417	507	2
141	289	2
498	575	2
423	507	2
45	364	2
45	427	2
32	498	2
198	523	2
185	292	2
118	423	2
135	186	2
32	541	2
135	292	2
65	423	2
135	498	2
289	292	2
417	423	2
6	364	2
289	364	2
186	427	2
152	507	2
122	233	2
335	427	2
32	427	2
152	398	2
186	292	2
141	364	2
65	198	2
114	309	2
118	507	2
114	141	2
122	135	2
427	524	2
114	292	2
160	232	2
45	292	2
6	45	2
260	507	2
186	335	2
160	423	2
141	524	2
6	541	2
6	292	2
308	541	2
309	524	2
45	541	2
211	232	2
347	507	2
351	402	2
524	541	2
335	541	2
122	186	2
160	381	2
135	185	2
185	233	2
118	417	2
65	232	2
152	198	2
132	282	2
122	335	2
6	309	2
160	522	2
114	308	2
132	217	2
6	141	2
292	335	2
260	417	2
7	292	2
185	186	2
152	423	2
308	427	2
417	601	2
211	381	2
45	309	2
232	507	2
507	522	2
308	498	2
135	289	2
211	522	2
217	282	2
198	423	2
425	620	2
427	609	2
45	141	2
117	211	2
109	292	2
135	364	2
120	427	2
65	522	2
232	522	2
185	335	2
39	523	2
233	364	2
32	308	2
541	609	2
141	335	2
109	309	2
6	289	2
309	335	2
292	575	2
289	498	2
186	541	2
211	398	2
211	515	2
417	499	2
185	427	2
45	609	2
45	289	2
6	498	2
233	289	2
160	398	2
232	381	2
498	524	2
335	498	2
65	381	2
114	364	2
114	135	2
65	180	2
232	347	2
347	522	2
200	417	2
160	179	2
120	364	2
114	233	2
65	117	2
381	522	2
232	260	2
260	522	2
6	135	2
381	507	2
347	381	2
114	284	2
117	523	2
510	575	2
114	289	2
117	118	2
7	364	2
284	498	2
260	381	2
118	198	2
109	289	2
45	233	2
198	211	2
39	211	2
185	364	2
292	524	2
289	524	2
120	292	2
109	141	2
45	498	2
6	233	2
109	498	2
498	609	2
160	402	2
364	609	2
120	233	2
65	245	2
109	541	2
285	427	2
233	524	2
109	364	2
260	523	2
6	609	2
284	541	2
284	308	2
32	284	2
7	309	2
284	427	2
271	607	2
233	609	2
141	186	2
45	120	2
364	524	2
309	609	2
292	609	2
152	338	2
120	185	2
7	427	2
120	541	2
109	427	2
109	114	2
53	523	2
338	523	2
114	524	2
160	479	2
117	507	2
7	541	2
285	309	2
141	609	2
45	135	2
7	289	2
285	364	2
185	498	2
122	185	2
118	152	2
117	160	2
6	120	2
122	427	2
122	292	2
120	186	2
45	285	2
7	575	2
285	541	2
186	498	2
186	364	2
186	309	2
7	141	2
7	45	2
285	292	2
114	211	2
135	524	2
53	417	2
45	186	2
122	271	2
117	423	2
250	425	2
120	135	2
110	523	2
39	65	2
6	7	2
385	427	2
160	293	2
211	293	2
141	285	2
53	198	2
6	186	2
338	507	2
160	198	2
102	355	2
45	385	2
211	462	2
192	575	2
117	417	2
285	289	2
233	383	2
118	180	2
6	385	2
289	609	2
155	510	2
132	260	2
132	152	2
110	423	2
402	485	2
292	578	2
160	180	2
120	498	2
117	152	2
53	507	2
32	141	2
160	485	2
39	118	2
385	541	2
351	485	2
160	351	2
185	541	2
155	575	2
117	198	2
65	601	2
39	160	2
6	285	2
114	160	2
260	423	2
186	609	2
29	65	2
39	423	2
364	385	2
282	526	2
217	526	2
135	609	2
132	526	2
122	607	2
120	385	2
120	141	2
53	423	2
39	417	2
32	309	2
6	524	2
120	309	2
53	65	2
383	427	2
120	609	2
118	470	2
110	507	2
110	211	2
53	118	2
45	524	2
233	385	2
7	498	2
7	109	2
186	289	2
141	385	2
333	620	2
250	620	2
7	285	2
495	590	2
347	523	2
309	385	2
114	335	2
110	118	2
110	117	2
385	609	2
347	423	2
333	425	2
292	385	2
289	335	2
120	289	2
109	524	2
53	152	2
7	114	2
233	509	2
141	185	2
39	117	2
6	109	2
122	541	2
39	507	2
260	338	2
160	462	2
185	309	2
232	423	2
285	498	2
186	509	2
120	509	2
109	575	2
29	417	2
65	338	2
45	114	2
45	185	2
39	198	2
289	385	2
285	609	2
186	385	2
135	383	2
122	141	2
118	260	2
109	407	2
390	620	2
45	109	2
7	135	2
6	185	2
110	152	2
65	515	2
355	539	2
65	493	2
32	289	2
427	509	2
383	541	2
284	410	2
211	338	2
6	114	2
132	211	2
99	135	2
65	110	2
53	211	2
39	152	2
32	524	2
7	609	2
160	493	2
364	575	2
338	423	2
250	333	2
211	324	2
135	509	2
122	309	2
584	599	2
423	522	2
423	493	2
292	383	2
114	268	2
120	335	2
118	347	2
110	160	2
109	135	2
32	292	2
575	609	2
102	539	2
507	515	2
211	493	2
211	402	2
135	285	2
9	498	2
82	575	2
53	117	2
30	114	2
360	417	2
335	609	2
211	498	2
114	185	2
462	479	2
141	383	2
122	289	2
118	522	2
65	360	2
39	53	2
6	335	2
427	508	2
305	390	2
260	402	2
211	575	2
381	462	2
185	509	2
122	509	2
122	347	2
118	338	2
109	285	2
9	427	2
53	110	2
32	135	2
32	109	2
523	547	2
508	541	2
498	508	2
423	547	2
417	522	2
390	435	2
338	347	2
324	417	2
239	479	2
141	308	2
117	260	2
110	547	2
110	417	2
29	507	2
32	364	2
522	523	2
515	523	2
507	547	2
160	515	2
160	338	2
309	508	2
309	383	2
285	524	2
185	609	2
141	508	2
124	526	2
124	282	2
124	217	2
124	132	2
493	507	2
51	465	2
335	509	2
308	309	2
292	508	2
268	541	2
143	268	2
127	211	2
120	122	2
118	232	2
118	547	2
118	493	2
110	198	2
298	624	2
53	160	2
6	9	2
4	541	2
4	498	2
4	309	2
4	114	2
4	141	2
4	32	2
509	541	2
417	515	2
335	364	2
305	435	2
289	308	2
233	285	2
186	524	2
211	479	2
117	547	2
99	427	2
232	523	2
482	589	2
84	265	2
410	624	2
410	596	2
383	498	2
360	507	2
308	524	2
114	575	2
211	245	2
233	508	2
186	383	2
135	508	2
135	385	2
99	541	2
9	143	2
39	110	2
7	524	2
4	524	2
364	578	2
285	385	2
114	508	2
114	285	2
198	515	2
117	522	2
117	347	2
110	522	2
65	479	2
53	547	2
53	522	2
45	335	2
524	575	2
84	128	2
160	498	2
84	348	2
453	541	2
453	498	2
423	515	2
84	239	2
239	348	2
309	453	2
268	427	2
375	479	2
265	479	2
110	260	2
109	609	2
109	308	2
99	120	2
9	584	2
298	410	2
65	547	2
46	260	2
48	250	2
4	109	2
524	609	2
160	375	2
128	348	2
128	265	2
265	348	2
128	239	2
239	265	2
523	593	2
522	593	2
507	593	2
423	593	2
395	575	2
507	560	2
335	508	2
316	364	2
289	316	2
211	384	2
211	262	2
198	547	2
185	289	2
232	479	2
332	479	2
118	515	2
117	593	2
110	593	2
122	620	2
99	233	2
40	218	2
268	298	2
29	523	2
65	402	2
53	593	2
30	498	2
522	547	2
515	522	2
485	496	2
160	547	2
160	496	2
453	524	2
232	493	2
493	523	2
385	524	2
383	508	2
351	496	2
335	524	2
335	383	2
289	453	2
114	453	2
114	383	2
211	547	2
84	516	2
348	516	2
265	516	2
239	516	2
200	211	2
185	578	2
185	508	2
185	383	2
141	453	2
127	523	2
120	285	2
118	593	2
99	498	2
32	453	2
4	453	2
4	289	2
427	575	2
498	509	2
84	507	2
417	496	2
417	485	2
547	593	2
385	498	2
351	417	2
128	326	2
84	326	2
326	348	2
265	326	2
239	326	2
316	541	2
309	575	2
309	316	2
292	316	2
289	575	2
211	552	2
128	516	2
326	516	2
198	522	2
84	479	2
51	479	2
125	479	2
141	266	2
74	375	2
74	479	2
99	186	2
9	410	2
53	515	2
53	493	2
45	575	2
14	268	2
6	575	2
6	509	2
232	375	2
226	232	2
160	601	2
493	522	2
402	496	2
402	417	2
324	522	2
324	507	2
324	423	2
309	509	2
308	453	2
292	509	2
114	609	2
268	624	2
268	410	2
232	462	2
186	285	2
185	385	2
128	479	2
348	479	2
326	479	2
479	516	2
141	575	2
141	509	2
143	437	2
127	507	2
127	262	2
122	390	2
117	493	2
109	453	2
74	160	2
99	509	2
298	437	2
143	298	2
29	360	2
65	470	2
53	232	2
39	547	2
39	493	2
32	185	2
32	122	2
6	122	2
4	308	2
623	624	2
427	432	2
437	624	2
437	623	2
335	385	2
315	575	2
289	509	2
285	575	2
268	623	2
268	437	2
125	239	2
211	584	2
211	410	2
375	462	2
198	232	2
226	479	2
479	507	2
162	479	2
143	624	2
143	623	2
114	143	2
135	347	2
122	364	2
118	324	2
117	515	2
110	493	2
74	232	2
99	292	2
9	624	2
298	623	2
9	298	2
65	162	2
53	324	2
45	122	2
589	609	2
541	575	2
226	375	2
160	226	2
432	541	2
84	465	2
417	547	2
417	493	2
160	239	2
160	593	2
410	623	2
51	375	2
51	232	2
51	160	2
360	523	2
324	523	2
160	324	2
300	596	2
300	410	2
268	292	2
262	507	2
233	268	2
207	211	2
226	462	2
198	360	2
198	338	2
154	211	2
152	360	2
143	410	2
122	498	2
120	524	2
117	232	2
110	232	2
110	515	2
74	226	2
51	74	2
74	462	2
99	432	2
99	335	2
29	348	2
29	265	2
29	239	2
29	516	2
29	479	2
29	74	2
65	239	2
65	125	2
84	160	2
160	265	2
239	375	2
515	593	2
410	437	2
51	226	2
338	417	2
160	332	2
232	324	2
324	547	2
324	593	2
316	427	2
262	523	2
252	360	2
252	348	2
239	252	2
125	265	2
51	462	2
198	493	2
114	186	2
182	479	2
135	432	2
117	324	2
110	324	2
93	160	2
9	114	2
29	128	2
29	84	2
29	326	2
29	252	2
29	252	2
29	162	2
65	252	2
39	232	2
39	522	2
30	292	2
14	624	2
14	623	2
14	437	2
14	410	2
14	143	2
14	298	2
72	479	2
48	425	2
232	547	2
515	547	2
84	375	2
482	609	2
128	160	2
160	348	2
427	453	2
265	375	2
423	499	2
375	465	2
160	465	2
232	239	2
232	593	2
493	593	2
392	427	2
392	541	2
364	509	2
364	392	2
160	326	2
309	392	2
292	392	2
292	308	2
289	392	2
252	417	2
128	252	2
84	252	2
252	265	2
252	326	2
125	326	2
211	599	2
211	593	2
160	516	2
252	516	2
125	516	2
160	200	2
200	423	2
162	348	2
162	265	2
162	239	2
162	252	2
125	162	2
162	516	2
479	493	2
465	479	2
252	479	2
135	575	2
127	160	2
122	609	2
120	432	2
120	316	2
109	385	2
109	120	2
93	479	2
9	623	2
29	125	2
65	84	2
65	348	2
65	265	2
65	593	2
65	252	2
65	516	2
45	99	2
39	593	2
32	233	2
72	375	2
72	232	2
72	226	2
72	160	2
72	462	2
72	74	2
7	385	2
7	120	2
4	427	2
128	375	2
84	232	2
160	624	2
160	512	2
348	375	2
232	265	2
128	493	2
84	493	2
348	493	2
265	493	2
473	524	2
128	465	2
232	465	2
348	465	2
265	465	2
417	512	2
239	493	2
239	465	2
384	575	2
347	402	2
326	375	2
326	493	2
326	465	2
309	473	2
292	395	2
285	392	2
283	425	2
114	392	2
160	262	2
252	493	2
125	128	2
84	125	2
125	348	2
125	493	2
125	252	2
233	432	2
206	268	2
375	516	2
493	516	2
465	516	2
128	162	2
84	162	2
162	493	2
162	326	2
185	524	2
174	186	2
265	479	2
130	479	2
141	392	2
143	541	2
122	383	2
283	620	2
355	609	2
74	84	2
74	265	2
74	465	2
99	364	2
99	141	2
9	437	2
9	268	2
29	160	2
29	493	2
65	128	2
65	324	2
65	326	2
65	207	2
51	72	2
6	392	2
6	99	2
128	232	2
582	624	2
232	515	2
470	523	2
232	348	2
493	547	2
432	509	2
232	417	2
398	417	2
160	410	2
84	560	2
244	523	2
244	507	2
244	423	2
244	417	2
51	84	2
51	265	2
51	239	2
351	423	2
347	417	2
324	515	2
324	493	2
232	326	2
262	375	2
128	262	2
232	262	2
84	262	2
262	348	2
262	265	2
262	465	2
239	262	2
262	326	2
256	265	2
250	283	2
160	252	2
125	232	2
125	160	2
211	244	2
232	516	2
262	516	2
84	462	2
239	462	2
160	162	2
152	547	2
152	351	2
152	335	2
152	233	2
256	479	2
381	479	2
251	479	2
262	479	2
141	473	2
141	316	2
127	232	2
122	425	2
122	152	2
74	128	2
74	348	2
74	239	2
74	326	2
74	516	2
99	309	2
99	289	2
29	375	2
29	465	2
65	244	2
51	65	2
65	200	2
45	392	2
45	316	2
34	45	2
39	324	2
32	45	2
6	316	2
375	381	2
226	381	2
509	609	2
84	226	2
226	265	2
375	493	2
427	473	2
473	541	2
232	346	2
375	423	2
128	423	2
84	423	2
348	423	2
265	423	2
381	465	2
226	465	2
465	493	2
423	465	2
239	256	2
239	423	2
417	593	2
392	498	2
385	509	2
383	524	2
51	128	2
51	348	2
51	493	2
51	423	2
232	251	2
326	423	2
51	326	2
316	609	2
316	385	2
309	432	2
302	438	2
292	430	2
292	407	2
289	473	2
289	383	2
285	316	2
262	423	2
252	375	2
252	423	2
252	465	2
51	252	2
125	375	2
125	423	2
125	465	2
51	125	2
211	375	2
128	211	2
84	211	2
211	348	2
211	265	2
211	465	2
211	239	2
51	211	2
211	326	2
211	252	2
125	211	2
233	473	2
423	516	2
51	516	2
211	516	2
265	462	2
462	465	2
200	375	2
128	200	2
84	200	2
200	348	2
200	265	2
200	493	2
200	465	2
200	239	2
51	200	2
200	326	2
200	262	2
200	252	2
125	200	2
200	516	2
198	593	2
198	244	2
162	375	2
162	423	2
162	465	2
51	162	2
162	211	2
162	200	2
173	599	2
173	584	2
157	268	2
152	498	2
152	402	2
423	479	2
479	560	2
200	479	2
141	432	2
135	392	2
127	423	2
122	385	2
118	244	2
117	338	2
110	347	2
110	338	2
109	316	2
74	381	2
74	493	2
74	423	2
74	262	2
74	252	2
74	125	2
74	211	2
74	200	2
74	162	2
99	185	2
9	536	2
298	582	2
81	612	2
29	232	2
29	423	2
29	51	2
29	262	2
29	211	2
29	200	2
65	375	2
65	465	2
65	262	2
65	74	2
45	509	2
9	14	2
72	381	2
72	465	2
7	316	2
102	609	2
128	381	2
584	624	2
536	584	2
512	522	2
128	226	2
508	524	2
498	589	2
84	381	2
160	599	2
160	584	2
348	381	2
226	348	2
265	381	2
381	493	2
226	493	2
473	498	2
381	423	2
226	423	2
239	381	2
226	239	2
239	346	2
410	523	2
410	455	2
395	498	2
392	575	2
364	473	2
364	395	2
364	383	2
51	381	2
251	375	2
326	381	2
226	326	2
304	612	2
288	612	2
292	432	2
289	508	2
289	432	2
284	455	2
284	364	2
284	292	2
114	624	2
114	473	2
262	381	2
226	262	2
262	493	2
51	262	2
239	265	2
232	252	2
252	381	2
226	252	2
252	262	2
125	381	2
125	226	2
125	262	2
211	226	2
211	470	2
211	284	2
381	516	2
226	516	2
128	462	2
348	462	2
462	493	2
423	462	2
326	462	2
262	462	2
252	462	2
125	462	2
462	516	2
200	232	2
200	381	2
200	226	2
200	462	2
198	324	2
198	241	2
162	232	2
162	381	2
162	226	2
162	262	2
162	462	2
186	432	2
185	285	2
173	407	2
34	498	2
125	130	2
157	624	2
157	623	2
157	437	2
154	160	2
11	152	2
152	241	2
143	536	2
143	157	2
135	473	2
122	432	2
118	200	2
113	211	2
109	392	2
109	272	2
99	122	2
218	417	2
9	160	2
9	157	2
114	298	2
157	298	2
68	332	2
29	381	2
29	226	2
29	462	2
65	226	2
65	462	2
65	218	2
42	427	2
42	268	2
8	410	2
8	9	2
39	410	2
32	473	2
72	128	2
72	84	2
72	348	2
72	265	2
72	493	2
72	423	2
72	239	2
72	326	2
72	262	2
72	252	2
72	125	2
72	211	2
72	516	2
72	200	2
72	162	2
29	72	2
65	72	2
7	395	2
7	392	2
7	32	2
6	32	2
427	584	2
488	525	2
510	523	2
498	578	2
160	510	2
432	498	2
407	599	2
407	584	2
384	507	2
376	498	2
160	376	2
364	508	2
364	432	2
347	384	2
232	332	2
332	381	2
332	522	2
332	507	2
332	347	2
251	332	2
292	473	2
292	302	2
284	523	2
114	612	2
114	582	2
114	584	2
114	376	2
241	417	2
211	510	2
211	376	2
211	327	2
211	332	2
211	268	2
233	347	2
207	523	2
200	523	2
198	347	2
186	269	2
152	232	2
346	479	2
143	160	2
132	614	2
127	260	2
117	478	2
116	498	2
116	309	2
114	116	2
116	141	2
218	507	2
198	218	2
152	218	2
97	498	2
9	364	2
9	292	2
65	332	2
45	578	2
45	473	2
45	395	2
8	268	2
39	515	2
39	284	2
32	116	2
14	157	2
8	14	2
6	473	2
597	612	2
575	612	2
375	512	2
482	498	2
160	601	2
160	568	2
160	499	2
493	515	2
437	582	2
160	437	2
160	527	2
245	417	2
410	584	2
392	609	2
392	524	2
344	523	2
160	344	2
160	327	2
335	432	2
302	575	2
308	364	2
292	612	2
285	335	2
114	437	2
114	405	2
272	292	2
268	582	2
260	499	2
260	416	2
260	332	2
252	507	2
241	523	2
241	507	2
241	423	2
211	624	2
211	568	2
211	344	2
233	392	2
206	410	2
251	462	2
200	507	2
198	260	2
186	575	2
182	507	2
130	346	2
157	410	2
154	410	2
152	499	2
152	493	2
152	416	2
143	582	2
143	211	2
135	152	2
132	160	2
132	416	2
132	344	2
122	435	2
122	305	2
118	241	2
118	127	2
117	544	2
116	310	2
110	241	2
109	612	2
109	284	2
99	385	2
93	553	2
9	582	2
160	298	2
211	298	2
65	601	2
65	527	2
65	127	2
45	508	2
45	383	2
41	410	2
41	284	2
8	427	2
8	402	2
8	42	2
39	552	2
39	241	2
16	71	2
14	427	2
14	42	2
6	508	2
6	308	2
582	623	2
569	598	2
523	552	2
584	623	2
582	584	2
498	584	2
269	609	2
160	623	2
470	507	2
160	470	2
256	346	2
437	584	2
423	470	2
465	507	2
390	461	2
390	425	2
410	582	2
410	566	2
402	523	2
402	429	2
395	427	2
383	609	2
172	417	2
351	429	2
347	547	2
256	326	2
239	326	2
312	612	2
309	395	2
292	438	2
289	395	2
278	429	2
278	402	2
278	351	2
285	395	2
114	623	2
114	417	2
114	395	2
273	569	2
268	584	2
160	268	2
265	346	2
265	326	2
260	547	2
232	614	2
211	623	2
211	437	2
211	241	2
346	462	2
130	256	2
130	507	2
84	130	2
130	465	2
130	239	2
130	265	2
157	427	2
157	582	2
157	584	2
114	157	2
152	522	2
114	152	2
472	479	2
326	479	2
141	395	2
141	284	2
143	584	2
135	308	2
127	470	2
127	152	2
123	332	2
122	524	2
114	122	2
118	282	2
117	241	2
116	364	2
116	292	2
113	515	2
113	160	2
113	417	2
110	127	2
109	395	2
355	364	2
9	211	2
298	584	2
206	298	2
82	192	2
68	479	2
68	123	2
29	554	2
29	182	2
65	278	2
65	241	2
53	241	2
46	127	2
42	157	2
9	42	2
39	200	2
32	508	2
16	408	2
14	160	2
14	211	2
7	473	2
7	308	2
7	233	2
48	283	2
48	620	2
6	395	2
1	479	2
427	624	2
427	623	2
427	582	2
381	526	2
566	584	2
508	609	2
498	612	2
489	612	2
454	612	2
478	544	2
160	576	2
160	582	2
310	582	2
473	609	2
473	508	2
346	375	2
160	346	2
447	601	2
160	447	2
438	575	2
438	578	2
427	437	2
398	624	2
398	427	2
398	623	2
398	582	2
398	584	2
398	437	2
417	576	2
417	582	2
416	496	2
416	485	2
160	416	2
417	418	2
402	423	2
388	390	2
383	473	2
372	601	2
102	364	2
364	438	2
282	357	2
282	381	2
11	423	2
351	416	2
347	499	2
338	547	2
333	390	2
226	251	2
160	251	2
51	251	2
332	512	2
332	556	2
394	624	2
394	427	2
394	623	2
394	582	2
394	584	2
394	437	2
394	398	2
311	496	2
311	485	2
160	311	2
311	416	2
311	351	2
309	376	2
160	278	2
278	417	2
284	566	2
284	584	2
160	284	2
283	390	2
283	333	2
114	398	2
114	410	2
114	394	2
273	598	2
268	398	2
268	394	2
255	262	2
246	390	2
381	614	2
241	547	2
160	241	2
229	558	2
211	576	2
211	582	2
211	566	2
211	499	2
211	416	2
211	278	2
233	575	2
160	206	2
206	347	2
206	211	2
360	462	2
462	614	2
217	381	2
217	229	2
200	241	2
198	200	2
71	189	2
186	508	2
186	473	2
185	473	2
185	392	2
180	470	2
160	173	2
173	211	2
157	398	2
157	394	2
114	154	2
152	515	2
152	394	2
152	206	2
152	200	2
479	512	2
479	614	2
141	376	2
143	427	2
143	398	2
143	417	2
143	394	2
132	357	2
132	381	2
476	624	2
427	476	2
476	623	2
476	582	2
476	584	2
160	476	2
437	476	2
398	476	2
394	476	2
114	476	2
268	476	2
260	476	2
211	476	2
157	476	2
143	476	2
127	347	2
127	200	2
127	198	2
123	556	2
122	508	2
122	473	2
122	285	2
122	246	2
118	262	2
117	402	2
117	168	2
116	582	2
116	376	2
125	252	2
246	620	2
74	346	2
74	251	2
218	496	2
218	485	2
160	218	2
218	416	2
218	351	2
218	311	2
93	332	2
93	234	2
93	183	2
97	427	2
97	609	2
97	541	2
97	364	2
97	309	2
97	292	2
97	285	2
97	114	2
97	141	2
97	135	2
97	109	2
101	233	2
92	122	2
9	599	2
9	523	2
9	398	2
9	417	2
9	394	2
9	476	2
298	427	2
298	398	2
298	417	2
298	394	2
298	476	2
68	556	2
65	576	2
65	447	2
65	372	2
53	200	2
46	211	2
46	200	2
45	97	2
42	624	2
42	623	2
42	582	2
42	584	2
42	437	2
42	398	2
42	394	2
42	114	2
42	143	2
42	476	2
42	298	2
8	157	2
32	609	2
32	383	2
32	376	2
32	268	2
32	186	2
18	211	2
14	584	2
72	251	2
7	508	2
7	97	2
6	383	2
592	621	2
599	624	2
599	623	2
582	599	2
375	523	2
523	582	2
381	523	2
523	544	2
375	522	2
522	601	2
522	601	2
515	523	2
494	621	2
494	592	2
226	523	2
226	522	2
507	582	2
507	544	2
507	515	2
504	536	2
499	523	2
456	621	2
456	592	2
456	494	2
478	523	2
478	507	2
160	552	2
232	470	2
470	547	2
160	245	2
453	508	2
310	624	2
310	623	2
310	599	2
310	584	2
160	310	2
128	346	2
226	346	2
84	346	2
346	348	2
265	346	2
437	599	2
437	523	2
437	507	2
310	437	2
398	467	2
411	612	2
423	601	2
423	544	2
423	515	2
423	478	2
465	523	2
465	522	2
346	465	2
417	624	2
417	601	2
381	417	2
417	544	2
417	515	2
417	478	2
417	437	2
416	417	2
390	566	2
410	427	2
410	599	2
310	410	2
409	623	2
160	409	2
409	410	2
402	499	2
356	568	2
385	575	2
384	423	2
383	385	2
172	461	2
51	256	2
51	346	2
265	360	2
222	573	2
11	523	2
11	507	2
327	417	2
347	515	2
84	347	2
239	347	2
11	347	2
232	338	2
338	522	2
338	515	2
11	338	2
251	346	2
332	375	2
332	593	2
51	332	2
326	346	2
84	553	2
239	553	2
347	553	2
326	346	2
316	524	2
311	417	2
297	515	2
297	417	2
308	508	2
292	607	2
278	621	2
278	592	2
278	494	2
278	456	2
280	417	2
114	599	2
114	523	2
114	507	2
114	310	2
114	385	2
268	599	2
268	310	2
268	417	2
262	515	2
262	478	2
262	346	2
262	417	2
160	265	2
51	265	2
260	515	2
11	260	2
255	544	2
255	523	2
255	507	2
255	478	2
255	423	2
255	417	2
255	347	2
250	390	2
375	614	2
523	614	2
522	614	2
226	614	2
160	614	2
465	614	2
252	265	2
125	256	2
125	360	2
125	326	2
125	252	2
241	544	2
241	515	2
241	478	2
241	262	2
241	255	2
71	408	2
211	515	2
211	512	2
211	485	2
211	310	2
211	418	2
211	409	2
211	297	2
206	623	2
346	516	2
360	516	2
347	516	2
516	553	2
252	516	2
462	523	2
462	522	2
332	462	2
200	544	2
200	515	2
200	478	2
200	245	2
200	255	2
198	582	2
198	544	2
198	515	2
198	478	2
198	470	2
198	437	2
198	384	2
114	198	2
198	262	2
198	255	2
189	408	2
162	360	2
162	252	2
185	575	2
128	182	2
182	512	2
84	182	2
182	348	2
182	265	2
182	239	2
182	332	2
182	326	2
182	252	2
182	516	2
168	544	2
168	523	2
168	507	2
168	478	2
168	423	2
168	417	2
168	255	2
168	241	2
168	200	2
168	198	2
130	375	2
130	232	2
130	226	2
130	160	2
51	130	2
130	251	2
130	326	2
130	462	2
157	599	2
157	160	2
157	310	2
157	211	2
152	544	2
152	515	2
152	478	2
152	409	2
152	384	2
152	262	2
152	255	2
152	168	2
427	479	2
479	523	2
479	522	2
292	479	2
191	479	2
141	268	2
143	599	2
143	523	2
143	507	2
143	310	2
143	198	2
160	521	2
127	375	2
127	128	2
127	381	2
127	547	2
127	544	2
127	226	2
84	127	2
127	478	2
127	348	2
127	265	2
127	493	2
127	465	2
127	417	2
127	239	2
51	127	2
127	326	2
127	255	2
127	252	2
125	127	2
127	241	2
127	516	2
127	462	2
127	162	2
127	168	2
127	479	2
124	381	2
118	375	2
118	128	2
118	544	2
118	515	2
84	118	2
118	478	2
118	348	2
118	265	2
118	465	2
118	239	2
118	402	2
51	118	2
118	326	2
118	255	2
118	252	2
118	125	2
118	516	2
118	162	2
118	168	2
118	479	2
117	499	2
117	255	2
117	200	2
117	127	2
125	326	2
113	301	2
113	278	2
110	544	2
110	478	2
11	110	2
110	255	2
110	200	2
110	168	2
109	508	2
109	473	2
109	233	2
109	173	2
109	479	2
152	355	2
74	523	2
74	522	2
74	614	2
74	130	2
74	127	2
74	118	2
99	609	2
99	285	2
218	278	2
211	218	2
113	218	2
93	211	2
97	289	2
73	573	2
73	222	2
96	127	2
9	59	2
9	566	2
9	507	2
9	510	2
9	310	2
9	409	2
9	284	2
9	198	2
298	599	2
298	523	2
298	507	2
298	310	2
198	298	2
129	515	2
129	429	2
129	211	2
81	311	2
29	346	2
29	127	2
29	118	2
65	515	2
65	512	2
65	384	2
65	113	2
53	544	2
53	515	2
53	478	2
53	262	2
53	255	2
53	168	2
53	127	2
46	523	2
46	515	2
46	507	2
46	423	2
46	417	2
46	262	2
46	241	2
46	198	2
46	152	2
46	118	2
46	117	2
46	110	2
46	65	2
46	53	2
8	624	2
8	623	2
8	599	2
8	582	2
8	584	2
8	160	2
8	310	2
8	437	2
8	409	2
8	284	2
8	114	2
8	211	2
8	154	2
8	143	2
8	298	2
39	544	2
39	515	2
39	478	2
39	347	2
39	338	2
39	262	2
39	260	2
39	255	2
39	168	2
39	127	2
9	39	2
39	46	2
86	453	2
33	612	2
18	381	2
18	200	2
18	39	2
16	189	2
14	599	2
14	582	2
14	310	2
14	114	2
72	523	2
72	522	2
72	346	2
72	614	2
72	130	2
72	127	2
7	430	2
7	479	2
48	390	2
48	333	2
4	508	2
1	162	2
1	65	2
309	453	3
453	498	3
32	453	3
37	378	3
624	628	3
476	624	3
284	624	3
624	625	3
427	624	3
194	624	3
205	624	3
114	624	3
510	624	3
341	516	3
218	341	3
341	515	3
341	402	3
178	341	3
427	587	3
453	587	3
587	595	3
541	587	3
285	587	3
229	588	3
132	588	3
324	588	3
3	378	3
3	366	3
3	37	3
3	225	3
3	181	3
3	229	3
3	132	3
309	524	3
427	524	3
186	524	3
109	524	3
498	524	3
289	524	3
453	524	3
141	524	3
14	298	3
298	476	3
298	625	3
298	582	3
141	309	3
109	141	3
141	498	3
270	307	3
307	410	3
268	307	3
503	516	3
65	503	3
84	503	3
130	503	3
252	604	3
252	493	3
252	516	3
252	265	3
65	252	3
252	274	3
252	492	3
84	252	3
252	360	3
160	505	3
106	492	3
26	572	3
217	366	3
188	217	3
37	217	3
217	225	3
181	217	3
217	229	3
132	217	3
196	217	3
217	381	3
107	217	3
73	132	3
250	401	3
43	401	3
65	218	3
130	218	3
218	570	3
118	218	3
214	366	3
37	214	3
214	490	3
198	214	3
47	214	3
5	214	3
214	294	3
490	552	3
160	552	3
236	552	3
78	290	3
290	509	3
218	290	3
290	515	3
160	290	3
211	290	3
70	509	3
67	492	3
296	596	3
410	596	3
122	541	3
233	541	3
270	510	3
522	565	3
523	565	3
471	565	3
65	565	3
218	565	3
125	565	3
112	236	3
65	236	3
236	492	3
218	236	3
130	236	3
236	570	3
65	323	3
160	323	3
331	506	3
331	366	3
208	331	3
37	331	3
181	331	3
331	521	3
132	331	3
47	331	3
3	331	3
62	132	3
250	620	3
511	620	3
425	620	3
390	620	3
170	620	3
401	620	3
10	172	3
10	606	3
18	164	3
164	492	3
164	390	3
132	167	3
132	378	3
104	132	3
37	132	3
233	309	3
289	309	3
289	427	3
109	289	3
289	498	3
289	453	3
194	249	3
152	194	3
194	270	3
194	341	3
194	409	3
160	194	3
178	194	3
194	268	3
26	368	3
368	440	3
368	572	3
160	521	3
390	492	3
67	390	3
65	238	3
29	238	3
238	384	3
84	238	3
130	238	3
238	324	3
156	476	3
249	476	3
476	510	3
37	506	3
225	506	3
160	506	3
65	471	3
471	616	3
471	490	3
91	471	3
218	471	3
471	552	3
130	471	3
471	570	3
65	130	3
285	413	3
6	285	3
285	541	3
364	587	3
309	364	3
364	509	3
364	413	3
141	364	3
109	364	3
120	364	3
364	498	3
364	541	3
114	364	3
188	506	3
188	366	3
188	208	3
188	225	3
181	188	3
188	229	3
188	601	3
366	462	3
154	462	3
462	522	3
78	462	3
462	465	3
265	462	3
200	462	3
462	490	3
462	583	3
218	462	3
37	61	3
61	225	3
61	132	3
3	61	3
61	107	3
178	276	3
178	384	3
178	625	3
178	347	3
84	516	3
130	516	3
347	516	3
107	506	3
107	378	3
37	107	3
107	225	3
107	181	3
107	229	3
107	132	3
47	366	3
47	104	3
37	47	3
184	276	3
78	184	3
184	198	3
160	184	3
91	231	3
91	493	3
65	91	3
91	218	3
91	570	3
292	309	3
109	292	3
292	413	3
292	453	3
141	292	3
125	516	3
125	181	3
125	493	3
125	265	3
125	465	3
65	125	3
84	125	3
125	218	3
125	582	3
48	250	3
48	425	3
65	268	3
268	625	3
43	250	3
181	366	3
132	366	3
366	378	3
104	366	3
37	366	3
15	366	3
15	37	3
15	181	3
15	47	3
37	211	3
211	510	3
65	449	3
160	449	3
172	518	3
240	518	3
10	518	3
78	276	3
78	231	3
78	490	3
78	200	3
78	341	3
78	218	3
78	126	3
53	172	3
172	606	3
172	404	3
132	172	3
172	390	3
250	511	3
35	220	3
498	539	3
114	628	3
114	476	3
114	309	3
114	122	3
114	284	3
114	427	3
114	194	3
114	156	3
114	510	3
6	309	3
6	109	3
6	498	3
308	309	3
308	427	3
109	308	3
308	498	3
114	308	3
289	308	3
308	453	3
141	308	3
6	308	3
276	420	3
265	420	3
347	384	3
160	384	3
249	496	3
476	496	3
270	496	3
311	496	3
496	624	3
298	496	3
410	496	3
496	582	3
268	496	3
156	496	3
348	553	3
231	553	3
471	553	3
65	553	3
29	553	3
84	553	3
130	553	3
260	553	3
347	553	3
144	249	3
144	624	3
144	625	3
144	298	3
144	410	3
144	582	3
114	144	3
144	178	3
144	268	3
122	608	3
425	608	3
390	608	3
170	608	3
452	608	3
14	582	3
476	582	3
156	582	3
249	582	3
18	37	3
18	225	3
276	311	3
311	510	3
78	311	3
311	476	3
218	311	3
311	410	3
136	311	3
311	582	3
276	625	3
160	276	3
231	570	3
130	570	3
53	570	3
53	126	3
126	231	3
126	510	3
126	200	3
126	490	3
126	198	3
309	549	3
453	549	3
141	549	3
524	549	3
473	549	3
498	549	3
32	549	3
289	549	3
170	250	3
170	425	3
170	452	3
172	480	3
132	480	3
164	480	3
390	480	3
480	572	3
65	402	3
160	402	3
86	309	3
86	453	3
384	559	3
5	559	3
160	559	3
37	167	3
167	225	3
53	244	3
244	493	3
65	244	3
198	244	3
160	244	3
211	244	3
244	449	3
198	409	3
409	410	3
347	409	3
268	409	3
53	231	3
53	65	3
120	335	3
120	309	3
120	509	3
120	413	3
120	427	3
120	233	3
120	186	3
249	284	3
284	510	3
194	284	3
284	298	3
284	410	3
284	347	3
284	541	3
268	284	3
58	115	3
84	465	3
130	465	3
160	314	3
65	604	3
238	604	3
365	604	3
365	501	3
65	365	3
29	365	3
252	365	3
365	553	3
260	365	3
65	231	3
122	335	3
309	335	3
335	427	3
186	335	3
335	601	3
289	335	3
233	335	3
141	335	3
346	516	3
346	493	3
346	465	3
65	346	3
274	346	3
84	346	3
218	346	3
252	346	3
130	346	3
346	348	3
122	299	3
309	473	3
427	473	3
141	473	3
473	508	3
473	498	3
289	473	3
53	360	3
231	360	3
65	360	3
360	384	3
198	360	3
5	360	3
347	360	3
225	378	3
37	225	3
231	493	3
65	493	3
449	493	3
249	310	3
310	476	3
310	624	3
298	310	3
310	410	3
114	310	3
268	310	3
156	310	3
29	516	3
29	65	3
29	503	3
29	84	3
29	106	3
231	265	3
265	516	3
84	265	3
265	341	3
218	265	3
106	265	3
130	265	3
265	501	3
65	347	3
172	240	3
240	606	3
220	240	3
10	240	3
227	240	3
240	554	3
35	240	3
196	490	3
5	196	3
14	249	3
14	510	3
65	160	3
160	198	3
493	583	3
516	583	3
239	583	3
465	583	3
490	583	3
200	583	3
84	583	3
130	583	3
348	583	3
65	152	3
152	616	3
152	490	3
91	152	3
152	218	3
152	398	3
152	449	3
118	152	3
231	515	3
493	515	3
65	515	3
218	515	3
515	570	3
65	490	3
218	490	3
490	570	3
118	490	3
197	384	3
197	360	3
197	559	3
124	563	3
124	188	3
124	225	3
124	314	3
124	132	3
124	601	3
107	124	3
65	198	3
208	378	3
53	208	3
208	366	3
15	208	3
181	208	3
208	229	3
132	208	3
160	208	3
109	309	3
109	539	3
154	231	3
78	154	3
154	490	3
154	200	3
154	218	3
154	552	3
130	154	3
126	154	3
154	570	3
154	471	3
493	628	3
65	628	3
91	628	3
486	628	3
582	628	3
143	628	3
118	628	3
523	628	3
249	519	3
510	519	3
476	519	3
427	519	3
410	519	3
58	519	3
160	519	3
268	519	3
205	476	3
205	270	3
205	341	3
178	205	3
345	520	3
84	130	3
118	231	3
65	118	3
118	198	3
270	398	3
211	398	3
73	398	3
231	523	3
244	523	3
65	523	3
490	523	3
218	523	3
91	523	3
449	523	3
324	523	3
53	523	3
309	612	3
403	596	3
296	403	3
181	403	3
403	410	3
65	616	3
65	260	3
260	449	3
522	563	3
78	522	3
65	522	3
521	522	3
91	522	3
218	522	3
130	522	3
126	522	3
522	523	3
124	522	3
207	563	3
521	563	3
563	601	3
132	181	3
167	181	3
181	378	3
181	225	3
37	181	3
522	626	3
244	626	3
78	626	3
218	626	3
296	410	3
410	625	3
413	541	3
200	231	3
200	265	3
200	490	3
200	341	3
200	218	3
200	570	3
118	200	3
366	381	3
15	381	3
181	381	3
381	465	3
218	381	3
130	381	3
225	381	3
37	381	3
206	510	3
206	260	3
206	347	3
32	498	3
32	541	3
220	340	3
240	340	3
227	340	3
35	340	3
115	476	3
115	582	3
115	249	3
115	510	3
115	298	3
324	366	3
65	324	3
218	324	3
91	324	3
118	324	3
53	324	3
404	606	3
227	404	3
136	622	3
335	385	3
385	587	3
309	385	3
86	385	3
186	385	3
6	385	3
120	385	3
289	385	3
292	385	3
250	425	3
43	425	3
390	425	3
401	425	3
274	516	3
274	493	3
29	274	3
274	503	3
160	601	3
211	601	3
505	601	3
62	261	3
132	261	3
231	241	3
78	241	3
65	241	3
241	490	3
200	241	3
218	241	3
126	241	3
241	570	3
118	241	3
53	241	3
172	554	3
554	606	3
220	554	3
199	554	3
404	554	3
132	554	3
10	554	3
37	104	3
47	104	3
37	104	3
156	510	3
156	410	3
122	477	3
299	477	3
172	501	3
493	501	3
65	501	3
106	501	3
29	501	3
229	366	3
181	229	3
132	229	3
104	229	3
225	229	3
37	229	3
403	491	3
384	533	3
5	533	3
390	533	3
231	338	3
338	628	3
338	522	3
152	338	3
65	338	3
198	338	3
91	338	3
47	338	3
260	338	3
338	347	3
53	207	3
207	493	3
65	207	3
198	207	3
207	521	3
309	508	3
508	539	3
141	508	3
109	508	3
6	508	3
508	541	3
5	112	3
5	65	3
14	143	3
143	510	3
143	476	3
143	298	3
143	410	3
143	206	3
143	582	3
115	143	3
14	486	3
486	510	3
307	486	3
298	486	3
410	486	3
206	486	3
486	582	3
115	486	3
186	309	3
122	186	3
186	509	3
186	427	3
186	498	3
186	413	3
186	233	3
309	427	3
122	427	3
427	582	3
57	309	3
57	427	3
57	109	3
57	498	3
57	114	3
57	289	3
57	539	3
57	453	3
57	141	3
57	308	3
152	293	3
65	293	3
293	314	3
260	293	3
293	347	3
160	293	3
172	199	3
94	579	4
2	144	4
44	144	4
144	416	4
94	144	4
144	270	4
31	144	4
144	611	4
144	591	4
144	287	4
144	434	4
144	580	4
144	310	4
144	564	4
9	144	4
114	509	4
498	509	4
509	528	4
509	591	4
206	523	4
206	347	4
206	338	4
31	206	4
115	206	4
206	416	4
9	206	4
206	611	4
206	564	4
44	206	4
2	206	4
206	580	4
206	287	4
206	434	4
206	270	4
206	504	4
144	351	4
351	434	4
138	351	4
9	351	4
351	402	4
564	618	4
310	618	4
57	434	4
57	141	4
57	508	4
57	134	4
57	541	4
143	347	4
143	270	4
2	143	4
143	206	4
143	504	4
143	618	4
143	496	4
143	284	4
143	580	4
143	564	4
115	143	4
143	144	4
143	310	4
143	410	4
9	143	4
143	510	4
114	143	4
143	389	4
9	389	4
270	389	4
2	389	4
111	389	4
389	580	4
389	434	4
310	389	4
417	580	4
417	537	4
6	400	4
502	591	4
502	579	4
100	502	4
2	546	4
138	431	4
138	528	4
138	537	4
138	434	4
138	270	4
114	138	4
2	138	4
31	138	4
138	612	4
138	459	4
136	138	4
44	138	4
138	362	4
138	579	4
138	580	4
138	414	4
138	504	4
138	611	4
138	564	4
138	190	4
111	138	4
138	582	4
138	410	4
138	627	4
138	163	4
138	144	4
149	591	4
421	431	4
421	528	4
132	282	4
132	217	4
120	541	4
508	541	4
141	541	4
134	541	4
161	537	4
152	504	4
31	152	4
152	398	4
152	270	4
152	347	4
152	338	4
152	417	4
152	523	4
152	198	4
434	612	4
120	612	4
31	580	4
434	580	4
287	580	4
31	568	4
434	568	4
287	568	4
564	568	4
9	568	4
163	568	4
144	568	4
404	554	4
414	416	4
414	591	4
414	582	4
414	564	4
111	414	4
9	414	4
163	414	4
362	414	4
31	161	4
31	496	4
31	120	4
31	434	4
31	287	4
190	459	4
190	410	4
190	627	4
190	529	4
190	496	4
136	190	4
190	528	4
190	510	4
31	190	4
190	270	4
190	434	4
190	496	4
143	190	4
190	618	4
190	287	4
190	580	4
190	546	4
2	190	4
190	611	4
190	389	4
190	416	4
190	310	4
44	190	4
114	190	4
94	190	4
111	190	4
190	582	4
144	190	4
190	564	4
190	218	4
190	504	4
163	190	4
9	190	4
200	582	4
111	200	4
136	200	4
200	580	4
200	417	4
152	200	4
198	200	4
200	577	4
200	591	4
200	218	4
217	282	4
347	523	4
417	523	4
338	523	4
31	218	4
218	580	4
218	564	4
198	218	4
284	528	4
410	579	4
31	410	4
410	529	4
410	564	4
410	434	4
410	504	4
2	410	4
270	410	4
287	410	4
410	580	4
94	410	4
161	624	4
577	624	4
270	624	4
31	624	4
267	624	4
434	624	4
431	624	4
206	624	4
111	624	4
546	624	4
496	624	4
397	624	4
287	624	4
580	624	4
2	624	4
44	624	4
568	624	4
416	624	4
611	624	4
190	624	4
504	624	4
564	624	4
94	624	4
624	627	4
624	625	4
311	624	4
115	624	4
144	624	4
310	624	4
579	624	4
163	624	4
496	624	4
138	624	4
410	624	4
9	624	4
510	624	4
114	624	4
414	624	4
389	624	4
362	624	4
143	624	4
582	624	4
2	510	4
510	546	4
206	510	4
270	510	4
31	510	4
434	510	4
510	611	4
510	580	4
287	510	4
510	564	4
115	510	4
310	510	4
510	579	4
9	510	4
410	510	4
31	111	4
111	144	4
111	150	4
111	496	4
111	564	4
2	111	4
111	310	4
9	111	4
111	416	4
111	611	4
111	504	4
528	564	4
537	564	4
416	564	4
398	564	4
31	564	4
120	564	4
434	564	4
2	564	4
564	580	4
287	564	4
260	504	4
260	416	4
206	260	4
31	260	4
198	260	4
114	260	4
9	260	4
144	260	4
260	347	4
152	260	4
260	523	4
260	338	4
260	417	4
31	327	4
2	327	4
327	580	4
94	327	4
218	327	4
327	564	4
144	327	4
398	496	4
31	398	4
2	625	4
310	625	4
287	625	4
44	625	4
31	625	4
327	625	4
434	625	4
138	625	4
9	625	4
580	625	4
564	625	4
311	625	4
163	625	4
144	625	4
143	625	4
582	625	4
410	625	4
287	434	4
498	627	4
143	627	4
31	627	4
416	627	4
270	627	4
504	627	4
434	627	4
496	627	4
111	627	4
580	627	4
2	627	4
115	627	4
144	627	4
568	627	4
163	627	4
564	627	4
114	627	4
496	627	4
618	627	4
310	627	4
9	627	4
410	627	4
582	627	4
611	627	4
403	410	4
403	591	4
163	434	4
31	163	4
163	580	4
9	163	4
144	163	4
163	564	4
114	496	4
9	496	4
496	611	4
310	496	4
163	496	4
144	496	4
389	496	4
496	582	4
580	596	4
403	596	4
410	596	4
2	580	4
44	320	4
287	320	4
31	320	4
320	580	4
9	320	4
94	320	4
320	414	4
320	568	4
320	582	4
320	624	4
320	564	4
144	320	4
163	320	4
320	389	4
114	320	4
311	320	4
267	564	4
267	537	4
267	416	4
31	267	4
267	310	4
267	434	4
267	580	4
498	580	4
9	498	4
434	498	4
57	498	4
141	498	4
400	498	4
134	498	4
120	498	4
498	541	4
498	564	4
498	579	4
347	496	4
347	434	4
347	546	4
31	347	4
120	141	4
44	582	4
270	582	4
161	582	4
529	582	4
434	582	4
537	582	4
31	582	4
546	582	4
496	582	4
206	582	4
577	582	4
111	582	4
580	582	4
287	582	4
2	582	4
416	582	4
564	582	4
504	582	4
94	582	4
582	611	4
582	618	4
115	582	4
362	582	4
389	582	4
310	582	4
579	582	4
144	582	4
163	582	4
410	582	4
9	582	4
143	582	4
114	582	4
198	417	4
198	338	4
198	523	4
310	611	4
2	311	4
311	580	4
9	311	4
311	564	4
163	311	4
311	362	4
114	459	4
270	459	4
31	459	4
410	459	4
9	459	4
459	528	4
284	459	4
409	459	4
44	564	4
44	537	4
44	416	4
2	44	4
31	44	4
44	580	4
44	496	4
44	270	4
44	287	4
44	546	4
44	504	4
44	267	4
44	611	4
44	410	4
44	94	4
44	310	4
120	508	4
400	508	4
134	508	4
416	580	4
416	496	4
416	546	4
2	416	4
416	504	4
504	528	4
504	537	4
347	504	4
31	504	4
496	504	4
270	504	4
504	546	4
434	504	4
2	504	4
504	580	4
287	504	4
9	310	4
9	504	4
9	434	4
9	31	4
9	410	4
9	270	4
9	546	4
9	287	4
9	416	4
9	529	4
9	564	4
2	9	4
9	580	4
120	186	4
310	434	4
2	310	4
310	564	4
287	310	4
310	496	4
310	580	4
114	284	4
114	161	4
114	141	4
57	114	4
114	541	4
114	537	4
114	270	4
114	498	4
114	546	4
114	134	4
2	114	4
114	416	4
44	114	4
114	611	4
114	496	4
114	504	4
114	580	4
114	591	4
31	114	4
114	310	4
114	434	4
114	564	4
114	115	4
114	579	4
114	510	4
114	144	4
114	287	4
9	114	4
114	410	4
270	398	4
270	546	4
270	529	4
270	496	4
31	270	4
338	347	4
186	400	4
120	400	4
141	400	4
134	400	4
199	554	4
199	404	4
