0.7620968876995934	0.14623432370260883	0.021105844124471237	0.18234346077276112
0.8816612635221842	0.3432081758899296	0.30176445994871687	0.23584720564117878
0.5860602425029	0.36771381268885733	0.2210040176336288	0.2921103239485922
0.391627771069737	0.3025330239567946	0.4021141690389437	0.2898562953080039
0.9154641368583543	0.3618522486868304	0.48219914317411244	0.4051715894560215
0.9969134408517111	0.38719680098206766	0.3895548331222991	0.30754048112088594
0.5068020768413053	0.26951623740118213	0.22545689933992963	0.2026782659054625
0.544866312016598	0.48191323249855866	0.39823691459305244	0.49153710485783325
0.6188640160498204	0.3215455797623038	0.3295508710505983	0.3527347087585443
0.718620828184632	0.43076720197870527	0.4016702269032017	0.441431759760372
1.0058505528639734	0.49441291130303755	0.5198173184554231	0.4351427252262044
0.4847638889289282	0.42067354843033355	0.3180182300250587	0.2830043963757055
0.8232017728142684	0.1814862750395833	0.07042503772077037	0.011280632859103315
0.9137781689087539	0.2741833883546628	0.24703848512076906	0.14994979331980035
0.7945355032647211	0.3505490460139383	0.222239096069887	0.38859799288218283
0.8450605713887398	0.048172082777038466	0.07643022210553158	0.23519808725238167
0.850543685879814	0.34588066592081723	0.29223001013321503	0.31434697802884737
0.5770299581600046	0.3559283847336827	0.26408587379576715	0.2778069630857022
0.7282562685208803	0.30620825169969623	0.36878532805148667	0.3887701382525294
0.5785226501439642	0.5292150362693835	0.46738546525380364	0.4096659122771728
0.35597088112655173	0.3268862402291981	0.2510801432269928	0.2348250624374824
0.5141016177490021	0.0942372789510249	-0.014170017841238142	0.01977759809825877
0.48874426761268835	0.19787856550306232	0.2507885959077097	0.23954252238858134
0.8345724459074862	0.1705229935127399	0.10788251830484144	0.21156977712172165
0.8277481871492639	0.5643591113497983	0.4019586931481559	0.5453314240952513
0.8038258920062098	0.5650222449014349	0.5228729911768222	0.4338627156564825
0.5109140925505159	0.278563430088702	0.29484845280818006	0.3998256483587096
0.9445275930007873	0.06762692950838492	-0.015806417647452498	0.013606359332347273
0.789290545451643	0.0678420926495423	-0.019937879331276442	-0.013062546459326113
0.5273879762156735	0.5461476894707529	0.5085445046531621	0.42207620615408853
0.8907295858135831	0.08927026359309542	0.2157763077488445	0.1501362988497076
0.9061830099980654	0.5732316637956538	0.4329730948578584	0.5341007180916559
0.514134460972792	0.13835608203315145	0.16095533954512112	0.1756221371476897
0.5226923515015174	0.17558292485053578	0.23691904830486576	0.1850345698214621
0.7225958153730926	0.4644013039834233	0.47854042855655515	0.42805490020246667
0.5538083262501962	0.5284227023731891	0.41308507536218025	0.529661860756176
0.634066326863256	0.10645033132435497	0.0546444524231474	0.1895888757204767
0.4652983992179281	0.40756859463818884	0.5598774244985327	0.4739200355920331
0.3623235387156847	0.3428698102664922	0.37565530815660586	0.35142285574025406
0.6257556219447764	0.36034742997801306	0.4443708832547394	0.4552089646458014
0.5693174545488853	0.000978625614478132	0.10983156560341134	-0.036845454589429116
0.4212811259567332	0.2285615947955295	0.2668933070087428	0.09663121485058998
0.838063801168852	0.2110396436070388	0.17930100983723812	0.12596469453904952
0.911290635296466	0.49050744847179717	0.5019234920036619	0.5697525102532084
0.30376549602784786	0.44086184679720375	0.37091843643963945	0.46601893551065654
0.4543363483824481	0.23140538944242045	0.24000899603657663	0.13519722042017537
0.6654025153465511	0.004203763250360981	0.13031947095186963	0.19493155147152388
0.7713951006503509	0.2801673453692457	0.16774709588209308	0.2909586267563804
0.618020542733352	0.23871021514359733	0.2235563999933632	0.32362566273255267
0.9042832175066967	0.010788473585740074	0.10014957817309698	0.008852473887259737
0.647693008964309	0.21716171471193435	0.23253338670090856	0.3309431744755261
0.6334354951638441	0.41071244686547576	0.3242800616250523	0.35809825957787556
0.8587855269843978	0.0017956235463170572	0.029010252795812513	0.009107532818567285
0.6562224629656466	0.5216454245475818	0.41942986609727223	0.5364778260026734
0.9627140036513531	0.22382201498937174	0.18854317805178045	0.13344167465127427
0.4283700934868237	0.09324793892394281	0.030663643026090162	-0.01968977529130149
0.6969906214099811	0.21482974872482685	0.301847009966141	0.23791729486696264
0.4758718193810389	-0.017016351032102056	0.0993708934707486	0.004334701685053219
0.8177409762169645	0.06205745197982683	0.040642985273074944	0.0919199951039186
0.5385973992040135	0.05041877905196751	0.10082617327667595	0.07021438757614823
1.0045981553395709	0.49952264211511843	0.4589327975731109	0.4305874455984199
0.7446105596220705	0.1837841766198902	0.20551821174378168	0.17968576526125019
0.8185378902179957	0.36035373669797893	0.3747095163071136	0.38485377254093917
0.4847988300351922	0.33994929265936424	0.22919775794104244	0.40887959289516695
0.4731081056812821	-0.04319375800173905	-0.03408723274501191	0.0627459769682234
0.8768706432481095	0.476497250143496	0.38683468393182513	0.32229989724690983
0.598712379782704	0.22545076100837202	0.17163065514430684	0.1699105116547243
0.9637896247293598	-0.06157392032689468	-0.0488634012719148	0.002643353705535742
0.6231923114088463	0.37442984059443096	0.2647147484301402	0.24433341794462496
0.902860800892435	0.20028343822826894	0.20034598272073512	0.28172993396263346
0.6079534434043521	0.32660820832073745	0.5012518717429193	0.32498544379494665
0.8421185732044263	0.33106379508204964	0.31792553991553685	0.3682083870028974
0.3151717840854589	0.38189303367228666	0.45867727643172707	0.4665840650535625
0.7964527992211399	0.3259476968535997	0.448204868111306	0.4604572107086207
0.51815079253608	0.11200599928436591	-0.022075595215270194	0.016407924383401967
1.0498707635590498	0.4142262104524853	0.4181131979862338	0.27468128453516416
0.5625453654717355	0.16136229309439948	0.2851338814235381	0.14517244045530053
0.5095857108816526	0.18103471049537964	0.18911045857756822	0.2241431842505536
0.8439056022448903	0.20068511656189603	0.26442283038503495	0.3410350213447074
0.38268566658900527	0.08360207670068179	0.06889762649413317	0.1264067147080523
0.6228517732319226	0.2263529058857155	0.2935528156763271	0.24608745696811504
0.6026921051034229	0.42591974693879564	0.5761680167816013	0.5231829013702753
0.7215126589993711	0.09592613806613831	0.08830789950777439	0.04648124386484362
0.6598404283088628	0.33004205602794867	0.2699595019993311	0.43337883311542136
1.0427822183654745	0.08071472578766617	0.01124591792810116	0.040975529218681195
0.8056606637037254	0.4729779187849045	0.5525267228006308	0.4743852624705919
0.9343574908245712	0.41690846579388136	0.34638689532160005	0.32354386821249503
0.7290699680378512	0.4356602858433367	0.3260031266222748	0.32388295278467566
0.3408217323582325	0.04774257383673276	0.042706329373068744	0.2058001181551653
0.7298189373835832	0.2916184890130399	0.394970207709514	0.36234017844037136
0.7479700808725404	0.20904704334815738	0.10120397451049623	0.23940489104007287
0.6361575771381338	0.4748220401703139	0.3787326037524674	0.4614180526634265
0.9085565681482735	0.39583817460530946	0.40426248705667206	0.34290405909388016
1.0157782223948144	0.35962385653019424	0.40567581953923815	0.37664849203109585
0.5567633622955357	0.20636557988417953	0.2355786596433837	0.2375355000551242
0.8193042124216028	0.41351646998729324	0.4537324657833117	0.5356213455327467
0.5167088089108235	0.24229725280979303	0.14799006500198478	0.10117470534205697
0.8196131464917672	-0.01564514903881431	-0.02673497996823916	0.02091393448259827
0.9999625517167195	0.12743714230421554	0.048778646943085244	0.028125819806356242
0.6573823940268677	0.45379121151163065	0.5260381736625536	0.5023395757031244
0.6271792824577721	0.17265813725189705	0.16206867846345724	0.13076352833259647
0.39952080082559216	0.3785413069419752	0.42700825607824044	0.2711211842323652
0.4993892296354003	0.24127310876787655	0.3337203142639168	0.26716821769465415
0.6227187146517135	0.2588838184673806	0.11160754030313999	0.14525790118241494
0.3326051052401853	0.17769689083688822	0.22306906170947038	0.2259985884070678
0.7292359624414927	0.12098216629459965	0.10453713015003782	-0.008802228739638963
0.4451449000046016	0.10768457304945875	0.0912296428921277	-0.03768713953642573
0.8920544381426868	0.3805532180275614	0.42918624810223804	0.33119417340147816
0.7123026486272522	0.4054733062964675	0.4453191117966754	0.3029716543582304
0.6896127672938085	0.12104253192165114	0.16560277731599626	0.27831530332193577
0.4383725037033929	0.2553189044680205	0.2099980842091958	0.13247764600546325
0.5867621651793999	0.2577237861308035	0.23679708350834933	0.2522419740385301
0.4550410925551985	0.15755064286451126	0.10165228093030867	0.07128060647189373
0.63218370253916	0.060627035283335434	0.0296921020509118	0.006000735249800403
0.7792879156813848	0.37157403740530026	0.4065382727325573	0.3511429376189843
0.5257879516112288	0.039786567462010536	-0.01306028741458834	0.006038122573641391
0.4817851808132954	0.2922630620600933	0.3965952913054128	0.33188070552606724
0.5985980264573435	0.35395946971733916	0.40710142803758415	0.3130213256095859
0.8063391378896759	0.2575444408886585	0.25543341388262064	0.32739992731805334
0.42444302225655106	0.16453495193993894	0.03156840560724308	0.19813991838410883
0.8010405836624641	0.15612365121478045	0.2197175115483259	0.16517227088417563
0.47974015239572243	0.09201697397079978	0.05060916617563266	0.03146930681277743
0.33580781332252707	0.47031629182553913	0.46401553519174504	0.32396472520481095
0.955638910857888	0.32949755386606316	0.27042691117272966	0.19782842099504172
0.827605415935101	0.480823912120106	0.35243872241612006	0.3511760933310293
0.38840429036771207	0.2663654356600941	0.24543171039012657	0.1610424598868595
0.43631028500243685	0.3110496675469531	0.25826734365864834	0.20328905780649853
0.8021909779299464	0.2599857169505267	0.1854167298128105	0.18403844791617724
0.5874040887148798	0.370049738758012	0.5349514810482673	0.474163629558363
0.9896040613416307	0.41632510635009007	0.3828162289168159	0.4702044577915002
0.6501049582438256	-0.057648013996109554	0.040775584441552576	0.013319106561495792
0.8681825709873048	0.02650695774008857	0.1711034903977965	0.159162328608408
0.7415916092517175	0.16030988836109553	0.13877996414798416	0.22965824959131861
1.0513021757545538	0.16138746082647554	0.10541269739652072	0.1389434650135736
0.7578899100703717	0.050157658715741696	0.15085452405340868	0.14346590907856627
0.40889210566706846	0.1306925179253531	0.1911174198048056	0.16850083916049063
0.7235916783266151	0.059720948396420045	0.09000185917061473	-0.04906043768235395
0.9447044566177123	0.2993073392280213	0.29729804169079344	0.373001839729203
0.6673788653979695	0.4214370655848956	0.45873571686113845	0.37289476223709583
0.6538003525281665	0.10862301413853921	0.14962611696612932	0.10714672991127083
0.48243428662951593	0.15635944003677177	0.2622978434148403	0.10605305760352081
0.45687535975005866	0.5194420495851846	0.5247335948917301	0.38619830202051136
0.38353871957578806	0.5095837627850122	0.5044117326273698	0.4776846989229315
0.6790777953914537	0.15643948871106658	0.040963785531947336	0.19138417618932393
0.7587750944691362	0.00327017463900027	0.03653574239344057	0.17340465713155556
0.8070934016133589	0.2904328480128432	0.20488670900398048	0.21372892377127156
0.38795325706278116	-0.07477701901543661	-0.012186649871060024	0.06948703629373534
0.4601891109003275	0.25252703570847435	0.1664899105838269	0.17371616255644962
0.8489726315441775	0.37615504535628763	0.317382251894426	0.37389330274492927
0.524582791654327	0.16034516736102167	0.11079407796630325	0.27115111640157397
0.6849404323043693	0.33244009970373284	0.30199023144489623	0.304294612779615
0.8210720244600888	0.2603170287616934	0.3220950621319418	0.27028035531882416
0.6228503093431538	0.0857499323593712	0.007675798137056156	0.09857142916054307
1.0227845662388964	-0.009368512781903551	0.08177096839226383	-0.05081523822579516
0.6209233781011241	0.19637781914318292	0.27324292820664253	0.30579524248442136
0.8775106400325656	0.5116624484217082	0.5036006123698612	0.40151630805767796
0.7174950742342368	-0.026188645981309835	0.12960039550191096	0.04105703213826044
0.4567360633928587	0.06875415098021352	0.18044720610256787	0.2340312546698755
0.785615467343207	0.06900314752021264	0.027989123571064728	0.06390796376951105
0.6054634800535974	0.4311309156999926	0.4508409737163253	0.5531127409724715
0.779475635193673	0.01994181942886837	-0.025573142552173606	-0.04091057935658281
0.6766700553052961	0.3301810259011844	0.33993494485419873	0.2812519766137994
0.7043360732423578	0.1746500037044965	0.17712387472296415	0.2019753111148414
0.7694568941161452	0.5422732685175878	0.4831938867500311	0.4437632289294356
0.5998216573638286	0.27622601191945567	0.14285173625847608	0.2161063441633312
0.8098127093399713	0.29065562234418796	0.24656908711240608	0.28294685509469386
0.7154691201792978	0.22351750305609422	0.24627758704821154	0.17316044072097994
0.777190822492722	0.401790647416975	0.295662624392686	0.3932255898423974
0.5135711555835145	0.32208534227600316	0.2603402104796423	0.3563859328304675
0.5254684553403606	0.32021533910991845	0.31061058161703986	0.26237780271468414
0.7265422996666228	0.1363738172257123	0.0356853924050591	0.14887167406709909
0.38471754513842193	0.10301269776745484	0.004829717784842175	0.08083986572046242
0.696311512056265	0.40283904283791294	0.3119013476589971	0.3549119519185191
0.9034886421682481	-0.04580001224787025	-0.06497816707556806	0.06139118214178019
0.7485299032042767	0.1294424053160571	0.10489508510783684	0.2978008671622945
0.5848094465371363	0.5436439080658404	0.5156778762639982	0.5162049121913288
0.8688786890928203	0.4206992190193373	0.5214568078969363	0.3798811932702504
0.8520412108829224	0.05350535115486946	-0.04822450314579372	-0.0930764607468648
0.43429041864400236	0.44075176800786414	0.48942006003081606	0.343146659135666
0.9653795312826553	0.14005564873653498	0.2121836360349374	0.22940189295568866
0.9600681843962838	0.16639063798703463	0.16967073203800181	0.2335019722897448
0.7263313285421678	0.3164282934871224	0.3012365591241077	0.3088834248886563
0.5535309971738094	0.32314974984876466	0.22435430851697435	0.29430757734560464
0.8097607334436491	0.16125813109541356	0.19915064210562597	0.0948938839758954
0.8294884028122655	0.05317844736389868	0.012580952496047071	-0.06530182537531533
0.5117828817538344	0.35545514932938194	0.3843549646387644	0.32830569902793794
0.6106740930370674	0.4867897203300991	0.5158328242015321	0.4589891722528401
0.6070149435507304	0.13179486146599276	0.05751600776939081	0.15241131284832451
0.8233482054031425	0.29173012957459243	0.2780848120321382	0.20536588233611422
0.4946838412910354	0.3293068834400446	0.2839657911428737	0.4261172140928805
0.4775240207253769	0.24386182932199077	0.21044527396845547	0.2271362563046837
0.9165248612380623	0.026017964507323868	0.049306930841107016	-0.020777707642964306
0.7281852579613031	0.12205065730088603	0.2376672066942889	0.20412827910108544
0.7011341909205108	0.15211455986247582	0.17670308509656396	0.21157354816388782
0.42476257117067395	0.2746328788273126	0.1768672933513016	0.31650264743391177
0.4520104114365574	0.2923206208234143	0.1861530680557366	0.2683968904688673
0.8549492164098749	0.12407402941969312	0.10011893628939289	0.16993003917702104
0.9661401001118827	0.12602108250288285	0.10112138843136802	0.14586551377309304
0.5558872232841421	0.10873815517239677	0.21150728786879483	0.15386716350508492
0.5615284669272707	0.05150731363044728	0.09934095023675987	0.1676988430271
0.04429957988722167	0.8009975902076116	0.33530214376079237	0.2718967632295051
0.2948707576839534	0.9185252465739631	0.002472428950344857	0.08019602876344209
0.2798067085829999	0.44089183128251364	0.4832404967715117	0.3889186295083705
0.36470887006465835	0.3537758135146068	0.46181130199913667	0.3860429210540332
0.42859747115273095	0.9858907764585977	0.4374253315280788	0.4190317860899916
0.2941407047834546	0.9010537166018026	0.1651874748785991	-0.01583243219684971
0.23656286070990132	0.5496122045659781	0.5146668075926824	0.4633493743608596
0.5802040933060109	0.5652354245207779	0.12685290554029532	0.22130393785029856
0.35060666695584164	0.6710089179268619	0.1059962435368606	0.12231709168740129
0.33746748087068024	0.7765308396536535	0.30517040394254485	0.45813049901926717
0.4573383653914034	0.8640335628242256	0.16021060603883608	0.2479602403686673
0.41503716548548986	0.4853423215318702	0.49287855070832254	0.4870316990727177
0.07411871250653125	0.9707615884310205	0.012415615620537654	0.115380690350737
0.2624153128162642	0.8239272393911639	0.398070692398054	0.2733122205960068
0.3391355571266609	0.7584938983068916	0.2893435709997609	0.42038824789164597
0.24188789069459218	0.8903542567240581	0.5315772756547124	0.42450560050307545
0.19524536674732945	0.8384830472410865	0.05087022306282459	0.1875581978395461
0.3586487189803038	0.6905070158159429	-0.05750700561419109	-0.02602808017992468
0.21903684701918646	0.9188185344661509	0.0302214350556861	0.11245958690102469
0.5414826503960983	0.5929173930246726	0.24801055882759157	0.23798401385313195
0.3220653156419446	0.5048368532380065	0.5555968771558055	0.4042576401288574
-0.07382772020895259	0.5071113557743041	0.20540561093451332	0.20791496917784993
0.18290652887045283	0.6246297370757978	0.27567288333704154	0.16592788312393048
0.14412807691562152	0.7957442242230112	0.3746713475523528	0.46260912166141255
0.5051350789302747	0.7891746105531979	0.13148957686048574	0.1815582569481435
0.49805016099153876	0.720481767463494	0.0006562740052068611	0.05196346548797878
0.23382035858309713	0.550660915213471	0.3165908175581136	0.3401176502470603
0.14699109458075446	0.9193194414139597	0.2933403755281337	0.26284952921606375
0.0849209607644369	0.6818759931219217	0.5233483479243122	0.4870697717829892
0.5347203380952987	0.5096991326585315	0.3498505957487723	0.18384661736382107
0.20720881129500124	0.9131223552047366	0.5083008680681629	0.5093209078335384
0.39858283412426965	0.8475779558556135	0.28820959731203866	0.31316274141838574
0.16435572754878108	0.35153219081708037	0.29873496058438287	0.23793838829463243
0.2268632184082039	0.411496089178107	0.25645048337496823	0.34016142546767814
0.5381188847807079	0.6635602934384798	0.21909529646213957	0.12893325942697903
0.44368941650597005	0.37773930468698486	0.42437117717121997	0.39435628139574447
0.028773178000016428	0.5300273461599121	0.0904813499253345	-0.002339723319456838
0.5113473343811477	0.5412392716630079	0.32389418914497003	0.21805766952294875
0.37433495178370346	0.3605105879286872	0.5097508666030158	0.45820157742911627
0.4949294352834007	0.6570196773569107	0.008481180914464218	0.07041603738718136
0.05992727863557165	0.6560128460928903	0.20425456729655345	0.1916120903070267
0.14157761482391204	0.4874043568388926	0.34935700151045723	0.3762913151776808
0.09542549261301003	0.9625915373217699	0.3369459253663965	0.23485681259966396
0.4805263886446283	0.9253507235056442	0.15493372171724074	0.2521247346339269
0.5337825523842148	0.44690567870096304	0.18146138731682265	0.1739658270523637
0.12763628211300893	0.4372807332144176	0.3078931476037645	0.3163188185011282
0.033063529148225676	0.6424651914405198	0.38600440773860606	0.3356797256563987
0.24290651120100365	0.76116565601056	0.485374952633145	0.3043640836606031
0.4142739454857202	0.6879670161868451	0.28830723170467554	0.29355099163946985
0.19426111468902377	0.7854591436107852	0.29954114769431434	0.2513398877155154
0.3574253023681895	0.4828635936386915	0.39475639452590905	0.44934230651134355
0.25142633165831135	0.5120307383134123	0.4479911131032932	0.27454101104455036
-0.07276588641369792	0.8317171004394996	0.04407763185755223	-0.04843842370950084
0.587696815838317	0.6877331298396997	0.03545037327581385	0.10939320416811421
0.20701180495951785	1.02629931678976	0.21522438609597214	0.22208358781502296
0.06781392787549621	0.43552857390991584	0.14916186865489814	0.07316575043885584
0.32323614447088206	0.5983111940442869	0.42566861572572134	0.2934496919726536
0.06149775039023925	0.4084902543366577	0.38309540629533956	0.39478524018904193
0.07910692867239669	0.8831718977998149	0.4464971396399672	0.39678517473398944
0.04616831793611151	0.48648748740254444	0.3414937946971103	0.32125462762706203
0.33752663504554714	0.9942390868526372	0.09929081591015321	0.07147872481126377
0.06283673088329737	0.7412212861925508	0.2730384411850988	0.12445313638808028
0.33085770426228084	0.9990657379014264	0.2616217269697938	0.2590097302135497
0.2799210185176694	0.4586054404029607	0.26227582299514196	0.3201584164324063
0.047961381350905496	0.40776745082159527	0.39666511818070527	0.4644259520236367
0.3129681745306421	0.8975954222639443	0.06070514585778508	0.10004497555032885
0.14455928263331957	0.7041649500539914	0.3764632041612981	0.35385895701667736
-0.040801263799926685	0.9099372658459498	0.10667934658010367	0.019960158927917623
0.29807317480205364	0.5444097197654507	0.3337269373352603	0.4158519382586501
0.26839219852500273	0.8602697148876677	0.3052785509196675	0.2531485379072886
0.5002719684821191	0.6556479967811998	0.1646602451539749	-0.0015552304713919718
0.2815117129836179	0.738620616089156	0.12485107236295262	0.08653623770704019
0.5571014842476141	0.48441511080448774	0.13630919094750246	0.11066682774723287
0.4462217308226696	0.8529915352298878	0.29451134063081374	0.4274292751231842
-0.03727504105301381	0.5414759766544162	0.18349890203399408	0.3469047067864037
0.3085804195908868	0.9513253318297465	0.13042782497550803	0.27458690048803996
0.1098392016015236	0.5727000304648768	0.20661211953787217	0.2439409219266019
0.12572347750948065	0.40493142450844727	0.18212814416956288	0.16557627615365905
0.205431515227724	0.8443469057136495	0.186556374186373	0.11056985037313322
0.02677526057973549	0.4783036429898667	0.08984356994527287	-0.0033681293879180285
0.22408526145384491	0.601070017148526	0.17769371486199997	0.2054459112678625
0.522824028245569	0.5348253060601719	0.36730877424574804	0.2738240757287479
0.1526926968472861	0.7457672282675979	0.19029503093823363	0.24591695724582102
0.38386759805172466	0.5145873259474464	0.21356109847972643	0.12820171678784187
0.09486808042237763	0.8906944481722954	0.36608240708884404	0.4677415294045105
0.47384451176242515	0.9294026930267978	0.11895564589212274	0.0979517082306052
0.45673553029278974	0.9808263853783655	0.49193449883085716	0.45708165298455744
0.315092609812178	0.7172311035840522	0.07292900679288832	0.0941013937860744
0.16284834190224223	0.4658437942219471	0.5104174794045852	0.3454095211441617
0.24705881853843992	0.7926533185105604	0.34370886833882386	0.31125457991572203
0.10569218143591849	0.6899742919503933	0.3021800602523805	0.3795873645251335
0.4730890872753081	0.6801322603128405	0.24211824837340462	0.39472123571818873
0.5179249189074696	0.8886140124985217	0.4171577150977899	0.46642344493798593
0.4075294668702969	0.9539894032620876	0.2527704920199285	0.407302812954823
0.22681178879864392	0.4489061982573971	0.22719235425441525	0.22556068764534148
0.46356355927783555	0.9953206629459534	-0.008417723226961382	0.06762427851645225
0.205329738315434	0.4469864675235907	0.26912975950899737	0.2837301274113065
0.15960126744195002	0.8822958436082261	0.07555559760544908	0.19957971120783202
0.1700029644568175	0.9705791021570822	0.1756779481708369	-0.0003386745005983238
0.4769812407465962	0.6098957172131978	0.28678099749137964	0.2013210795739696
0.08353305699472931	0.632438929612327	0.5178714346916778	0.41307844645214487
0.30104343690016505	0.5862329081513116	0.4522284887660346	0.4502451158392994
0.22904496648035602	0.43879331987829606	0.07056279175262348	-0.05125270531705288
0.16572313714692113	0.7830047791255208	0.3911343259047989	0.36601274630033453
0.16638784639504106	0.4903226971301229	0.39444778997633706	0.3695832646973485
0.07710559671216605	0.8710646909182294	0.29665078529837663	0.3334969177992263
-0.015566376215471016	0.38767741187641996	0.16268317555366002	0.12648562047085038
0.3483696802244886	0.9622347247733141	0.14292054985614622	0.2433043374467695
0.4692159242333771	0.8174202449895431	0.044043005501294266	0.06745560866927612
0.21491195556410667	0.7251852845679966	0.0200728034499804	0.024873646634851393
0.08172454355363402	0.5822809270616385	0.36011991940829635	0.27871136018573084
0.16433892102686848	0.4842331452271072	0.13498308587611074	0.25879902946178723
0.08417401413365048	0.44659450243368753	0.35198304647067924	0.46171518589788835
0.08284625561062783	0.6288585879769879	0.47278188869021404	0.32895339018442643
0.24376026199093914	0.8182799058726251	0.21875329214736217	0.38487534510104926
0.06479465684178148	0.5279830693581599	0.347032575955071	0.48809523640035674
0.30362627168690326	0.46805727618706844	0.1553024219806345	0.26221437104529743
0.36388486704430223	0.609946502558649	0.04348014444889509	0.034734062606998004
0.33732195077781457	0.8936349777850017	0.037049953092242474	0.06991138358690971
0.07743516756187976	0.49126473065684817	0.08577311595650274	-0.00622914798889293
0.19735019231437131	0.9151542277551181	-0.07483073725101211	0.09543360696677183
0.06917070722337013	0.48609099179157605	0.3503856289270699	0.37860189884726525
0.3797297192847083	0.4406545047812739	0.19444287727397183	0.2345275398455793
0.35587493923635727	0.9994702584172637	0.09924762358586453	0.15756349599945615
0.3704167963552062	0.847020219134545	0.25178422746359186	0.2628666673422375
0.29296107858334997	0.5450627643693724	0.13610847103585152	0.040040042120090796
0.30209975992304766	0.5160663013635323	0.21285377545053302	0.1900061350846661
0.3315946355293158	0.8838894602524685	0.240466794965476	0.2799513395562666
0.4663350287283314	0.5640017277736598	0.11470672339903874	0.14841880422683423
0.4759568833099524	0.9243689228252987	0.046777010485029816	0.08019720356668988
0.0814261678177419	0.5460312806221335	0.13752561449945777	0.11844696332892679
0.1288069090150864	0.8673885244519511	0.3946595011125421	0.23949439561744043
0.19618815013558183	0.7771712578659423	0.3880165618182535	0.3167570847636786
0.2790986121798026	0.939197976995035	0.34755796006694334	0.29953467753279706
-0.030959499880437114	0.8657827811743929	-0.0085890465146463	0.09755790961339669
0.16774187299249693	0.44703895011486444	-0.03966339854773354	0.09646917772156133
-0.017216946254099856	0.7938828578055875	0.25427391824764	0.15444430957117283
0.3480140411384288	0.8410963909662029	0.3005025275894706	0.2146549536161375
0.3551207004480094	0.6701359402317241	0.39213144510127657	0.5124497812554707
0.049311877186252406	0.7640902058563157	0.4952577090244692	0.5825137566163803
0.2206581858161865	0.6192344236021209	0.3705727161063601	0.3974416243440335
0.4506768688969287	0.5999507789552878	0.0048810991311653285	0.0728926918132786
0.5078792621963069	0.43544553591254825	0.1800194807018861	0.12632661967207426
0.15593122207408652	0.6003989984414282	0.28347218265695556	0.2866012378922834
0.06362267834919486	0.7583076274696362	0.1478691388440188	0.06466199616911478
0.20026351907820955	0.7776464211945896	0.1341734905934921	0.20116806561466832
-0.013284374709104083	0.37299793787965174	0.5451015209551274	0.35844414796493984
0.22901865631668858	0.550654892677154	0.523042006390878	0.5410467373602237
0.33434900917128085	0.8914803217715906	0.3275204650417629	0.3043728246930873
0.09514517465633057	0.5994214249217925	0.4392846864947107	0.36277599786283243
0.46194873249437174	0.5573060847978317	0.31583689876662185	0.2751027472865553
0.26016424611851147	0.862025875678466	0.05356911124912109	0.016093793429790074
-0.006718413810925472	0.666741098588371	0.17934382720615202	0.04141060332409632
-0.03135636802128991	0.9098797517293732	0.46321644766886055	0.4324356883137588
0.33957435853758644	0.6452124090962811	0.016171902294555215	0.20297635131501615
0.4154817169063544	0.8290337698929853	0.09048225412230823	0.16950482732229727
0.025149547348354576	0.6979661988085928	0.256388700643805	0.3347586651568376
0.15295505737122025	0.4852891356653094	-0.02476018130492305	0.053567897327844255
0.08767725309605376	0.7133854081766139	0.42124417311013884	0.4773012186099834
0.5540309884977832	0.6059821691480354	0.01350917601576565	0.20890608778560935
0.08929330120634935	0.8221528775159048	0.5291185598598711	0.5585618919295371
0.36275991206229535	0.5398815178990207	0.4913181093447828	0.5428703134490663
0.22515039730355865	0.749640280327008	0.33129856226393106	0.3168070480776661
0.43554508964077426	0.7533507157652	0.25992122492837777	0.20087459379257316
0.18638263669862173	0.6390983949592185	0.35368855760826257	0.3691509769045891
0.2875551148013315	0.8047249950375792	0.35991754961380706	0.46314989508868387
0.18553087582098157	0.7361569465860446	0.5035697298800311	0.39957852333905447
0.39582744510608303	0.7415935100338742	0.15678768063797868	0.09006934571623508
0.31273079165800666	0.6836859194492648	0.23381076294395609	0.20609234347672248
0.38731597277051366	0.4503841815278061	0.2771631547513894	0.3336494839277085
0.07715579938163357	0.5907411082564162	0.47907058181918044	0.4102637503911243
0.03340379101288202	0.5480686095516106	0.34695414880562614	0.3303296570820177
0.3535530411982999	0.7118903740768019	0.41322631098276646	0.4563703062595396
-0.005412086276574038	0.8339527181253861	0.29195012190595493	0.27461439916798525
0.29427716787424485	0.6338032325900291	0.32004375233991084	0.3225871826543238
0.5249267742702646	0.47931057178587105	0.5241169704837814	0.4004440341981448
0.33004116626219665	0.8131815583177852	0.20093065164925528	0.19748203636170708
-0.044988045651370226	0.8173281363804542	0.5275840294927499	0.5021891824617264
0.3825850426977848	0.3717215093682849	0.402211025742663	0.40726790298937976
0.1975390230728636	1.0286021228979791	0.3822798320524976	0.5164592095411077
0.11885953948692099	1.004355970178554	0.19607799867269451	0.16042169016185223
0.29501747566761516	0.7162321499382478	0.21857287328788633	0.33572776023424633
0.2703892980584929	0.6051598772787936	0.04297715961845672	0.028860239411504902
0.039022832449244524	0.6816936965826015	0.38601352096427377	0.3344450167494344
0.12220200212953725	0.7929551816393604	0.3440159416991424	0.41476806042179093
0.3553906362795546	0.5125229265767289	0.23353335604062014	0.29506845841026413
0.4681323098220308	0.5503811190175434	0.19807686614379016	0.11965557525557932
0.08758062703433218	0.5974287821687364	0.4052467090603038	0.5236855883071618
0.35446000264424127	0.8705780093704674	0.08236839794094833	0.12379718699234564
0.3516189595760012	0.6751861389111529	0.42121304559731376	0.3561410880716096
0.2523290108953632	0.539859785393058	-0.0010435363786278906	0.1474382337353519
0.07077574056419683	1.009448480224178	0.35061747327905946	0.29047861680102394
0.2574475328084769	0.7054799338414341	0.5721099148792175	0.39970974438270523
0.13752542468172477	0.6628772008650077	0.5232358712623892	0.5013389537776287
0.12935212135620877	0.4660899640125047	0.4948060669553207	0.47762828578433464
0.16474675846905634	0.4173670775394829	0.07094453675202982	0.16212559699888596
0.07479773406695035	0.96955884733256	0.44233939609241923	0.39514213497221506
0.20486608948351534	0.9392508977617934	0.4087105169149208	0.3665924836658805
0.08357015771316666	0.4266660718328501	0.46264260455919204	0.49580050514312934
0.1675485547786172	0.5808186437597073	0.12237163351225369	0.11847666539314489
0.22457203284109525	0.40442587916884654	0.9228073863511567	0.4897577995759846
0.11753271880739988	0.10486076959997676	0.8294658495213844	0.017936667482223445
0.41532804109638344	0.4444594937124249	0.46918440788194	0.22728481744079504
0.4609039906309383	0.38795724434451684	0.41362801727211623	0.3464425401354867
0.4885136115459563	0.5591229467018772	0.9246784789620908	0.440120717640458
-0.023062168216239715	0.11004975187478058	0.9935831960729042	0.0042206901001144576
0.4341766823804042	0.44834100606122684	0.5109484010758522	0.3874164207194662
0.21942948545502733	0.286301722480486	0.7272953108599772	0.18072350851267954
0.12800676153990562	-0.03335538206446999	0.7031274348666938	0.4346166847247371
0.2868227611294611	0.3844245224741024	0.8996118070560606	0.09070392912485914
0.24813013666274547	0.12028913022274365	1.0066452045372405	-0.05316031426346251
0.4861193856221673	0.4293082575637711	0.4426428936054708	0.27869800619182006
-0.03629955920486526	0.13153324101965289	0.9332906164850835	0.4154344950083149
0.3741060412571371	0.3398868962460725	0.8424552218056602	0.035564302207095555
0.2751380891582661	0.27653368537265227	0.79536597644866	0.22741837110833651
0.441812784043088	0.5272494838716331	0.8691921644112937	0.04923300698510993
0.13349688671578955	0.0578635687731822	0.8780718291837546	0.046227963709798175
0.0856351575733178	-0.07532377793293826	0.6837598399241213	0.4799183754309209
0.14755643440369062	0.04890480676127522	0.7840506503235177	0.26708032578583263
0.15332667052780377	0.20821760314870952	0.543140268809811	0.18586520540404675
0.45100070032599765	0.4069271272693276	0.40763544811173336	0.19851137714198602
0.17717819773107119	0.19509232579873992	0.4411535493863195	0.18593186575063556
0.2119305504500231	0.26735883500510393	0.5733506154735589	0.047031529948043105
0.5270321575556864	0.4376716043944496	0.825551310240382	0.36715819378181114
0.2619080377797165	0.12047737564865274	0.8521814768288988	0.07053138004194132
0.10177103428324918	0.02235412634587927	0.7562427574931979	0.5282697439823443
0.2526419170315233	0.4127427078911703	0.5595374534482143	0.4383178335757263
0.276635927369546	0.3598117256464196	0.9363579335608165	0.3429082778635245
0.453683958558736	0.38331160390174557	0.681465163562578	0.34227120692428964
0.3554993449293036	0.2675099686094032	0.49841522790509496	0.21705600554501153
0.4404687649892314	0.5447499240305043	0.7754736036711872	-0.08419961814926907
0.3210749369899942	0.1293803774880084	0.7540222224578118	0.5107912871582918
0.18978833228824277	0.24507017653163637	0.4932774288583088	0.3222644704776025
0.30617062433144104	0.3170834516362865	0.43758832887975563	0.1066407038979425
0.15861462215585767	0.20587957089789968	0.5953233497036912	0.29444734150352825
0.5649091670294772	0.47116104906367523	0.396956427106799	0.4333232614475461
0.16827677171347255	0.04679283781485631	0.6199297617527048	0.06606306110045937
0.2998764812563894	0.30666343985619515	0.6173143972597389	0.3822844658017533
0.34774742347486837	0.457109762407385	0.3840214523949086	0.36178910936295466
0.007497357199254623	0.02141649921192096	0.5946280035222768	0.07639169017596327
0.3361721535982476	0.23054494129653477	0.6296800161566921	0.0876436211579846
0.36131017068576854	0.35977195925929106	0.5029311162110884	0.28597206885881127
0.22326984611402995	0.30862191822448126	0.7758870356817715	0.23295562705370124
0.12776931896650845	0.1685062891971451	0.803496241004458	0.299978687120079
0.12908673048454689	0.20736436751830806	0.4013653988070257	0.4525565400378862
0.17948450808726424	0.34349641805948694	0.3600546824067631	0.29565732495610253
0.42012834233993646	0.39609977256388784	0.5180923935446617	0.3495988433416247
0.4442577042822848	0.37922362392707876	0.776389415236458	0.25060115480319606
0.372678967680277	0.3172803272467521	0.5036758100002914	0.06438166667901069
0.36347871210081045	0.34586368123933575	0.760803191641339	0.1208624762668182
0.4547900089015593	0.4385897612857437	0.532110432603045	0.17551659656598384
0.3504386427009668	0.32742835593656533	0.5126166077287726	0.02682649871621834
0.008947451992959127	0.005097230480103472	0.7114610770165755	0.15370651354697165
-0.014900146659453217	0.0729426311078927	0.5862376897231236	0.15500027873230268
0.2592215402111963	0.137519976228122	0.9540814261226497	0.21920510530477558
0.023543373830768433	0.1357470989058408	0.5069738145589392	0.0375709834072114
0.28064686651999865	0.34757631208526285	0.6812917685474462	0.23955763704883137
0.33384202274380526	0.33603785599210545	0.4568071439502835	0.36387747585393804
0.3740211350046837	0.5423518501274424	0.8194409896782293	0.24405933111018674
0.33805309883281776	0.3401183328292992	0.59744966612744	0.29767263566566626
-0.018413998585205905	-0.014945806000257182	0.9979794974858539	0.08156685068469749
0.2390781379061782	0.21559614655159398	0.6247294634474814	0.20640331153203068
0.3646073542141367	0.2951611180520147	0.9557219007517788	0.42064721024839524
0.2915332358819206	0.28666922748449497	0.4015848216169997	0.3095015702512372
0.3422715734616893	0.37463969758195	0.35492334373977924	0.1412561963037418
0.12077450202246454	-0.03207202566198319	0.9841163168599604	0.4652683739482618
0.4301358627257218	0.41187878016952895	0.6426061036525148	0.03479278283464032
7.282359412574824e-05	0.02926650295993334	0.8988170955562469	0.479938364747905
0.44913825247877903	0.3254417827884281	0.5505042004127122	0.1612297297006422
0.23213514983175834	0.23546636765694645	0.9198915629450448	0.21135479332911017
0.1389291266245208	0.1367027140079976	0.692722395699044	0.44702174623931856
0.1176131892413802	0.1289355696598768	0.7443220034148831	0.1319189764260079
0.17404907170739758	0.16832075840403826	0.3731378189536654	0.456590903829699
0.39670330561681444	0.31271057341369957	0.8479862484650111	0.1556777760243624
0.23104251254098002	0.2889175651879827	0.4267524536781928	0.26503926201138234
0.26199324965451853	0.23338964800453682	0.9429362521497701	0.3072910925345591
0.11148826003795613	0.2708190760669865	0.37698084863949266	0.03441805629593839
0.24323106995591354	0.1131279260147676	0.5699049835272963	0.16576314269495485
0.23246529794360687	0.20336237763920625	0.8351306582803094	0.5022186129041805
0.07681048441551383	0.06401728945840533	0.47172571691309784	0.34251701474617485
0.14938823132891	0.09193031866078585	0.5561690519041521	0.18149466324896224
0.3192056702171672	0.1883259260052716	0.6362772264843396	0.32773866998422185
0.14023850883060146	0.1479290520019827	0.6808558083534488	0.20652176402530345
0.131965318645561	0.20731478042849608	0.654551522007053	0.13070147910198507
0.391220700337899	0.4720237692754358	0.8901014339148635	0.4504465726753596
0.026150132222868466	-0.055560224742638706	0.7991165606051482	0.5224831744693488
0.5551275736358341	0.4947719982938834	0.9927833201661285	0.28855094244124924
0.25678935285656723	0.25610964713429857	0.8739210430334723	0.12126645618508441
0.4853783466247712	0.5098773246171269	0.415661694181901	0.2802256440547096
0.38433918342251366	0.49832292364895725	0.7988363946281617	0.37362062421531766
0.4407066057667367	0.41034806172912763	0.7281253444469981	0.36802462992518603
0.2799956945597672	0.40828332286130137	0.6370169203868665	0.1356886735651249
0.43115118432096194	0.47924077773422435	0.8874313669406537	0.17644153967832987
0.3453167408139062	0.3782480926022862	1.0619781869074514	0.30969570503623917
0.32275167482156975	0.18719619151064715	0.4278528446960979	0.14827824867513195
0.04948635999348272	-0.014416248072096724	0.993501550201967	0.4407296658489921
0.26474983150539855	0.32352727079866384	0.46841591345352035	0.5302267218649728
0.19732657742399107	0.07963976189962339	0.8601663025756445	0.5940690253028844
0.13082437035697178	0.14406134367881088	0.9035907451793193	0.30475762722507926
0.25328372419708584	0.13428532768547996	0.6145383847321974	-0.0483369005696011
0.4438983901890018	0.3361955102008358	0.6533827909149429	0.1502596176848941
0.4272116534613388	0.40441929474524757	0.5069339714487158	0.2172084625540818
0.10875622687163577	-0.024969918075610942	0.561831699232028	0.1764473414366232
0.4337547976277455	0.43918223063348805	0.7093184694086981	0.2655910445920668
0.3524179737480766	0.3833563087673811	0.5279480271312057	0.10158504706588431
0.3777052968595028	0.3335725947238446	0.8371418954524977	0.2711895098757339
0.2545268411948896	0.23024695357078004	0.37490115205522423	0.13274465543350644
0.18205690473216704	0.22334247223683426	0.819861500495053	0.4568325658380948
0.09360543357825625	0.11626329989026876	0.7807146111177683	0.1691099805431443
0.1036829298662543	0.1782943787586687	0.6818767334582841	0.09405288050942692
0.34273678688517606	0.26999349557183205	0.5843385448071424	0.07423837098982533
0.21569799390947694	0.14785765046612698	0.4702628171463966	0.1426348164159799
0.3097676818648286	0.38553667768569744	0.49110889929097457	0.18843536640350492
0.37194110305022016	0.3558703787387432	0.6937274149976032	0.33599063611433355
0.30371019051280546	0.3000884684918844	0.8993425998483002	0.5108066191449205
0.31924708558836945	0.33433553853251985	0.6161404017764303	-0.06080602267443559
0.24105741768078298	0.29949090510870646	0.5825333801107451	0.25034613073478407
0.028610961688747036	0.11270546734167149	0.6225429591085484	0.32959706193631366
0.021974583283802765	-0.04211589399091559	0.8028854248989996	0.3341275162539763
0.15847922047461024	0.004226836484417247	0.40728906701963796	0.32893910343739446
-0.027366723216149746	-0.032554657337784336	0.8927961120998466	-0.019541894942537122
0.23649473002507365	0.28578930922620793	0.41665680077045686	0.06691017808952447
0.23260080092343416	0.15249394707183275	0.39090589297459877	0.14923231401198167
0.2446022843846469	0.26346261081517475	0.9483475693389054	0.06778612399063233
0.2747849114116329	0.20494505029668883	0.9985800254599912	0.5545023239285944
0.11041515811502056	0.14470243665668397	0.4710792088632739	0.31562238906549084
0.2510053921386929	0.24276745816106454	0.5663042164867576	0.2752020401960158
0.20783091544909	0.20910371761532706	0.8935875634156696	-0.002552345452811855
0.18630646704812773	0.0666458714951562	0.685265695718559	0.5309157289533777
-0.02049059053224466	0.0529660044736564	0.933797271937649	-0.0036857066719770334
0.12273283403599311	0.2124625771422921	0.5874322385065815	0.02072921256607932
0.22632746149053115	0.23458984260976343	0.7577663860656063	0.2582368890208322
0.3265559250134809	0.406519908889555	0.7791211004913887	-0.009611797111469637
0.4019680980427153	0.23658730929496435	1.0325332094440136	0.5457272419872958
-0.050749100573248496	0.08743092803370309	0.8961291481718582	-0.015285360867096767
0.14512250492486592	0.13457447645725626	0.5128551110420204	0.10040496949729552
0.29414107010784973	0.15127261016317958	0.7121736669453035	0.14422977989933797
0.34574590234957736	0.19898046530321878	0.8572772486709318	0.21474220906149136
0.4288300669113463	0.42194225510954864	0.6637087164987315	0.1465653628986032
0.42175898109161214	0.5271119735276927	0.7531961017211204	0.34048077873685956
0.39097708599983005	0.36878862157284636	0.5328384449569369	0.28288624469299994
0.02578257516849454	0.06810939105375426	0.5079150627477014	0.057591998699506194
0.08785469327405733	0.07476634029221091	0.5293373276839186	0.3762103803277909
0.3378389514949812	0.20417938365126476	0.5903346271905423	0.17177074339146187
0.11834023694296417	0.14213680597458128	0.8996272460325844	0.4973731597557072
0.31684554008860666	0.2075233323754505	0.822757229326199	0.23889777193395137
0.4605087277555551	0.5340487783680881	0.3982199639788308	0.14084018144266988
0.5938290361513243	0.4221540989694269	0.5735125617357776	0.3596540854266054
0.31018199547037106	0.319530164495761	0.8118680610821505	0.08861628755913564
0.3726599241134389	0.38791678522696893	0.651515434019691	0.22915367141958562
0.34060935392765324	0.29172343981854276	0.7162322444183719	0.371702351311597
0.004172185381992391	0.08277201606496815	0.7429457932351482	0.49511028076612407
0.10083774875875154	0.18231320595323722	0.5894857960857769	0.11932617985935019
0.5067282154515129	0.45945999928902775	0.997187700451026	0.19532842937678943
0.19850450113248214	0.06970386031832619	0.750936379382057	0.39473244529279794
0.15067393266097467	0.23241909169610614	0.7493000026104762	0.5457574322054028
0.23139772313566281	0.22617664074797134	0.7160094063457383	0.09952341301482492
-0.01061729813347255	0.07552872483513356	0.580381474166156	0.2580349760306785
0.5789508909885848	0.5265617350640178	0.7514513328360433	0.3710471056579565
0.11987203623457138	0.10984068888146271	0.674902390185786	0.08031718662226751
0.46600263262696706	0.4759963743196297	0.749928042973356	0.0869278460911484
0.5306142244050592	0.4435943048945109	0.6343363372011837	0.21660071771087214
0.4026450942347469	0.31797585470090267	0.7736101914963484	0.18672700165827577
0.23902855621243468	0.1968071384819795	0.7113474900414032	0.10411322959691216
0.4250520353206206	0.3019737615022613	0.623918507345508	0.32605554704582856
0.377545433393382	0.5283701951080996	0.9120841249697016	0.3511453283292233
0.5698339274060534	0.5217780777920842	0.6421810846664213	0.487491744020545
0.15146392014813376	0.170738068293325	0.8053782348616304	0.05031096636928911
0.15509101667722341	0.10608722276809479	0.6652834387295563	0.5040918211500586
0.3105213043943774	0.3142575317584976	0.43884138828587466	0.1513148582175345
0.5285098727927847	0.5863488878537111	0.7301762036091588	0.5865369198839575
0.3095722458512902	0.24484640145197534	0.5345524825686392	0.09742329334438898
0.5077561379757849	0.5434433848433233	0.6302243708537223	0.1524196215619961
0.232409220800613	0.3206171158025757	0.8710825084491919	0.08789491563741428
0.43560251762721824	0.4104274819060287	0.6923265477001341	0.2927444861890305
0.3965885066833427	0.43615226218832703	0.5196775964218276	0.2995186175583402
0.3495098962569737	0.32419647128279716	0.7478079121856764	0.26934526694975847
0.4508483813951571	0.5104044099194609	0.7840394569415806	0.09117271409778244
0.506996829023426	0.40020567632707715	0.4746257386096209	0.31135719943403517
0.46300329397406526	0.3622984421718503	0.8442279708131344	0.07680389801539649
0.17191576089632607	0.1876717635310227	0.9815316245643927	0.24461761680517904
0.22342080466285313	0.31275464699219024	0.6106314844259428	0.25487138786078906
0.06722307637188647	0.17262431948182963	0.4900016828254341	0.1867732058093678
0.32597534208142587	0.4421766399403866	0.7378516092126997	0.3215923724628658
0.2765581580410918	0.3596748494192676	0.7943836434707908	0.019544835759919527
0.3343508966198072	0.2532267764502032	0.5069467954720821	0.4296327665913444
0.12968178502863653	0.2011560248652345	0.6305669018261623	0.1689995053672301
0.4400273836142584	0.45736933461894763	0.7172080323536404	0.12093998185301738
0.20581850050653897	0.25981506827626033	0.8121810647949061	-0.027638059343950055
0.39192455074771826	0.28209382039994474	0.6166020152946339	0.2622639126038862
0.1604651708685674	0.057727578776589114	0.49568524114627993	0.17075227403171123
0.24066658883050462	0.24012101182113874	0.9501767370936474	0.01137236822093974
0.5255904294167362	0.4465860147402759	0.8206737508684394	0.4774544611281684
0.4715720254961787	0.4725281786288463	0.6752717663338704	0.4214132506452936
0.41261271246230585	0.41376187389835006	0.4330320803306723	0.21368834268979398
0.05472023020151513	0.07380530636029053	0.40567220488097366	-0.019576162192108296
0.30133037861855144	0.39393027637338346	0.87404367431016	0.40940693968367037
0.4905806087815898	0.34441755819240827	0.9740097504553944	0.26247316403943133
0.5138293845751809	0.5144748978274098	0.45419128308130957	0.2455980794333015
-0.029898732999991087	0.10723524937554593	0.6082626751833895	0.00946296052291476
0.4611727236746879	0.4800536150620752	0.455913457944431	0.7922521782405947
0.09560949093745813	0.05246488593436474	0.0068999718131486365	0.9348137164952912
0.28150580542430087	0.27516966997098896	0.3989248539837297	0.6116789318658622
0.4290290091657618	0.40862757105739894	0.4489704264769283	0.36621870229047687
0.49014378825481575	0.39476931539422677	0.31309637779518135	0.9403262442385819
0.0033546263498691192	-0.016981542540576253	-0.04575754799216885	0.8270326158346321
0.34884109096461247	0.3898496630832345	0.3266801542581357	0.5299348064289309
0.05217016127139097	0.09618750981929233	0.10087673720377317	0.616858671171456
0.41331481773588963	0.5578103131051497	0.4996950285827638	0.7872014053063733
0.12724533608259342	-0.009113599339445638	0.006612830379401156	0.7166433193820091
0.042865003590725675	0.044471974906675704	-0.013742678290621965	1.0421076996619092
0.18924358223251173	0.3465888979023749	0.19784086000268553	0.4323060682768962
0.5240375774879106	0.45366525167513444	0.5758271446236903	1.0046242226871605
0.1360831474631722	0.17647417202693508	-0.012739455201058208	0.8953739263462979
0.11097251612172135	0.29038516832916644	0.16473007513569807	0.9104123043623336
0.17155087733992694	0.006715937850630849	0.14380604003342665	0.7810298239653672
-0.09111073402355171	9.524050533799011e-05	0.038253384376464084	0.8019211621844239
0.4755840335840952	0.39720551400165915	0.40066994091334945	0.6336955368437595
0.20558935799775874	0.34218224081898074	0.3290211778419323	0.8630813306143088
0.30094657670478026	0.13724582577173194	0.17764915262235018	0.44313581950924386
0.3005450817136981	0.2333655941290914	0.13888362595656184	0.46451301515571664
0.017397758899247565	0.14763732251847733	0.09761613956751654	0.5556512129272023
-0.048121286617795134	-0.05241632895437376	-0.07956513837864798	0.6171799089091781
0.43211329374882357	0.3726624181162772	0.43839082720035244	0.7944417720866871
0.17649557492043122	0.13278322316250707	0.11663985759356149	0.8203245501482916
0.38914568098049174	0.3780688621761198	0.5453274774253977	0.8054432310025931
0.4745871508912243	0.4625184694366276	0.5027807632103594	0.4670781031302474
0.33176366616338826	0.36457967226938215	0.3809041094819548	0.9988184813092282
0.36246067749153815	0.47486484818020647	0.3692752864913142	0.8305941242641917
0.18646550249671284	0.266727998721359	0.23165274528942076	0.5543880517996922
-0.08009011412364136	-0.01847932518037923	0.0891826776285515	0.7989585362334509
0.4436139867277369	0.5055153823416009	0.5382751977358862	0.7671991547856924
0.19702004489567945	0.21145329924088402	0.2621863734966514	0.38584088362768815
0.2817520110831805	0.19239215617243352	0.15999187500382267	0.48508780261934803
0.33595840694145784	0.29453980267646646	0.281105186837541	0.7906723201555381
0.324893087373692	0.4022424417919569	0.34707575687686487	0.5135721329388911
-0.07006369020001374	0.0028400281114066284	-0.05268731976592044	0.6085781623442812
0.34122454788791834	0.3326078841290678	0.4544199155471964	0.4959749366442725
0.3742257119258906	0.4041466725242976	0.30744134704526505	0.4100879238751041
0.18788512860502599	0.1872461018939823	0.09467661030071284	0.7578992511391348
0.016587794711689877	-0.02885365408084195	0.0749492827137564	0.5924450536380362
0.27729762021154203	0.31483109667747533	0.2796909425169259	0.3950670959998275
0.307973601871833	0.2290153869654098	0.3601222718856333	0.8888922854077919
0.2617117667282795	0.28524585755850307	0.3775620654507006	0.9233147287057611
0.35883650553190394	0.4249976336530294	0.5139465698426506	0.4646817616882477
0.37192007102982383	0.3686545754252326	0.3172646565468854	0.4875434735125549
0.36775787009455774	0.3275936950984528	0.32646815348678415	0.5740264647252823
0.17303934282837527	0.3248820464820683	0.275799896697695	0.8124192813363632
0.15411863134525866	0.15989036974967044	0.24227711397184923	0.5218426755742821
0.2197920003050206	0.22075043752733273	0.12685200121929718	0.7993802156387039
0.29922842459169596	0.3459544685760969	0.3223928232222386	0.5934291186568382
0.006014454882969429	0.15207869332579646	0.060757505027174696	0.6275058641352401
0.2329466324924039	0.11862539653291543	0.10336439058066578	0.8248184165818045
0.16527170425038928	0.09185277926557635	0.07212319645192598	0.5850992709016649
0.3715228634978164	0.34834777725055666	0.24524253960806613	0.9769960066711435
-0.011047079213950803	0.13666579125661796	0.08158242745262144	0.5243178895390966
0.19780035224370235	0.2923971016436512	0.30522627767448085	0.6602495110635418
0.3376174703236072	0.3135011861265825	0.23669869544514538	0.3677600217504947
0.2193626721591186	0.33823600150420297	0.23026468137382966	0.9262711106848414
0.48602048916959895	0.364083867931446	0.4303577595780309	0.5720884880125212
0.023214570774428032	0.021322051098700397	0.1633816745812816	0.9171069605995329
0.186588864757368	0.15747199916291704	0.24559778765428178	0.7279555228962697
0.4233498524951375	0.4179983353837511	0.3463383543262993	0.9648766453154787
0.363256301257731	0.31487486044579227	0.4976079860417894	0.39980839403201984
0.23959684517497631	0.16161309075615532	0.11469586211466651	0.3861844714003416
0.4281269253343771	0.4003351982117508	0.3386177678982201	1.0237588068039205
0.04905028239556175	0.0525350253114539	-0.025943681330700255	0.5899901235634398
0.5249795437173004	0.37965451276059486	0.5247576525761772	1.0533896299371375
0.14250737537273836	0.11690997222911086	0.02321673565867377	0.45986120343319686
0.23446892601779712	0.15320496855015717	0.12453031595932393	0.9295783314666778
0.316017763618137	0.3318657237050815	0.3891840731127453	0.6674666479891608
0.0506682784067552	0.12934346414645695	0.03699837728596817	0.773688756796674
0.44950743702901697	0.4123369271224825	0.41660576008187533	0.3217790672452597
0.18164566330057125	0.1737880780342111	0.11226216599169561	0.815719693471757
0.288834708777744	0.21548344021725616	0.17766471980781967	0.46635836888180865
0.349254165131011	0.3558690715556668	0.3610175180254066	1.0696258036229132
0.055510667274589365	0.08021499478717287	-0.053571613481090644	0.39721383041880365
0.11895072729995668	0.13078263871011947	0.263308893847361	0.5140238860502984
0.3916664952540988	0.3445183604761416	0.49215880974930826	0.8343628150452177
0.43404531982799643	0.405642176125346	0.3747586501010396	0.4985014832328276
0.06160606154961021	0.18357295268885937	0.13386845978454914	0.6551496430740783
0.38684891147663936	0.4256650675552238	0.433037506863008	0.4955682357654085
0.058021899483997566	0.05142962396677911	0.16578871147281027	0.6026842249072745
0.11278382072588053	0.03278057119664694	0.08768072056201089	0.5999832216599161
0.3953358529018399	0.498750544354058	0.391032048985435	1.0249131709905581
0.4639385089662824	0.558975153614121	0.4705460176183306	0.8486377841305376
0.2801049851087456	0.26941289198484786	0.46077037546259647	0.9977656689551426
0.15199188571409006	0.15218108456981572	0.12446845689455728	0.8684907177748522
0.2136591364450627	0.14053697204702248	0.15704329401943987	0.35501175346425284
0.35870381999752043	0.5236193064393713	0.44016716439273984	0.7605646717405806
0.37466394541864523	0.35830820605436337	0.3030192648010706	0.562104394007427
0.043141594433806815	-0.02711228958723423	0.09797748530445546	0.6395795499980407
0.2491930001540745	0.2815955240163379	0.29599267476621605	0.8821044489974919
0.18326126387179348	0.29238738603015224	0.32874473514585845	0.8905114298941269
0.13706043526397427	0.12741580633051758	0.2888201671379247	0.43557814725079746
0.32044903916664863	0.3182893932621787	0.3825358726791709	0.8479356656386098
0.531839348310495	0.4031516420525651	0.38290703974189527	0.5033571970423818
0.5087437685213887	0.46988212609026875	0.5046630845630329	0.7743367259196053
0.46683280006442546	0.4842865533878533	0.33287793789415093	1.008052770060215
0.05424377338210498	-0.07172201553447498	0.0754429514995639	0.6739769840869737
0.08153805690339223	0.09829579903430748	0.15520042111158588	0.6663494694519112
0.10661487219266236	0.2826953598986758	0.2535585194017107	0.5839097687063974
0.2803437029967669	0.2531572750765477	0.12201303718877936	0.5279139203583467
0.3163158652426919	0.2913505826076456	0.32406141702734537	0.6470681418399433
0.03146879440421639	-0.0439007210636557	0.07788319810471314	0.40982945668300114
0.30061287267390036	0.18623298702439953	0.2666147436024338	0.8015248108277614
0.19721662682512955	0.18075334199831283	0.06694612129772903	0.4367453609880113
0.5197147540566045	0.4621255086291882	0.505722336531272	0.8219401304618023
0.08346764253620172	0.06395122687755794	0.13445109684557435	0.7940122749845928
0.08058055420818935	-0.07222000552526216	0.05872144962501333	0.6752726469029544
-0.02390519853795356	0.10873674866762462	0.09865635895588692	0.45704282596454454
-0.019553909289281635	0.051789998967297066	-0.03202549263438696	0.5800182016359534
0.09984754914411613	0.15999991611591502	0.2700143162722919	0.5341772255463568
0.25065402449570484	0.4428452517632653	0.39713739260282915	0.5879945839757904
0.45134092879673504	0.37507328831592973	0.3873272452376887	0.8228919739675199
-0.07552427608119411	0.027219961400265294	-0.02810488638702119	0.6477308868670927
0.2644129447508434	0.19127073236929415	0.2399673030584366	0.6110173778834213
0.363297793553482	0.27419892928735584	0.30417627244810125	0.6586982892896978
0.32970202325557374	0.263100705096505	0.2360050316003682	0.9272199338788507
0.21050954711769693	0.29300793023780114	0.22550980669922432	0.38846859067875006
-0.045531972089845024	0.10041611098931302	-0.06701651834496385	0.8748038664869869
0.19519623495045127	0.03382260479666817	0.15908460012336706	0.39981204063312464
0.12876585984287392	0.27240593466795915	0.19978354349057165	0.35916956536548533
0.14229743675662393	0.1001125327093274	0.07738164168638466	0.8550228975719998
0.38854680946237835	0.4899841344588829	0.5028042743473585	0.932301438997071
0.3802267563395798	0.4246905252381954	0.49093772757566423	0.5368585769453091
0.38439591439141296	0.38128956485968063	0.25686891252950145	0.4475559265641347
0.09457339095468945	0.049818411176750926	-0.02745830385927933	0.7161684044771763
0.3729740415124895	0.47003696613938106	0.5334106136977486	0.6453934851613525
0.129953919839975	-0.021061525177665977	0.09988656439336593	0.9795136487796133
0.009091272132904116	0.06686155208717384	-0.032071304602982964	0.6915557050748281
0.35973028483370234	0.37932733008110203	0.42509919860538614	0.9029933252704093
0.1109012088981354	0.1285108149869687	0.08440934649375337	0.6375461290511992
0.5192600690408032	0.38928497204690626	0.41838625272482377	0.953644727435094
0.004666447178465899	0.07625767865771661	-0.0009175536525120598	0.8760409851691741
0.06909538773444997	0.10067710057087267	0.011740588607411583	0.5030342773369849
0.0957101459632387	0.1044168437554839	0.1310138944995463	0.7860574912335573
0.1771079093563454	0.19960121998948038	0.24611631504534398	0.9336139518524519
0.02593918390472004	0.017756824298828265	-0.017076720668472142	0.5600217621551233
0.24641843568746147	0.2824590700387687	0.32549501187532737	0.666450021437764
0.2940149525418657	0.29093221644772144	0.3377522655189644	0.5675992784772326
0.05700237025898025	0.07893536166267504	0.13198596421765602	0.6294866789836165
0.43552670743352917	0.3935607045234404	0.4849378759473585	0.40997630957369746
0.21301969285225755	0.21693505971968322	0.13853893169666348	0.6574417743963025
0.43895748609122587	0.4142829522608664	0.54613297799772	0.7282971841444538
0.3109207960124802	0.19505021746586163	0.20212528655217749	0.7984328609229197
-0.01669350953219119	0.11213032265908976	-0.035847829014990215	0.37990516868667434
0.3867930648567197	0.2581631106423302	0.39872713637658286	0.5968531801995511
0.0416725515227096	0.07298795154717536	0.16221846569845083	0.8879652255930075
0.1394412474015632	0.2819403457431512	0.24119012696645212	0.5889519474272529
0.4240061876070848	0.4201635436582188	0.3808890250218683	0.6063392110725218
0.44683664969635944	0.4294616918359536	0.4754467819768833	0.9120101643507039
0.05569508820590752	0.06787184527693862	0.06453861083765206	0.7425183259285173
0.3092508530023377	0.17942727758367355	0.26013923311534504	0.9584461313542786
0.44730864852507535	0.32398251194217026	0.4568210854019822	0.7393176323286019
0.4079013052527481	0.5105307021630606	0.4578820634397021	0.8061142185522757
0.05692436240625777	0.049702908035548124	0.12639200724989588	0.8318116810236894
0.2835449260553232	0.3636160872893416	0.26599434488062107	0.5861741176587774
0.45483904003191455	0.3835131528811949	0.2951591451659104	0.7401053263059674
0.030403606437783864	0.10093458826517207	0.18014165199003365	0.7813250968412238
0.09399905538560112	0.17355899876405312	0.18354826304377325	0.7930244654594338
0.2913228453840546	0.25996330450149957	0.21623875355067312	0.6470472680848547
0.33111033029491155	0.2894828792976858	0.2938927065580896	0.7801719637271539
0.16468681818592734	0.04085799115574864	0.1268758625307008	0.7163167238419369
0.15517425365520332	0.1765903656036118	0.19326209625602336	0.6743163983077862
0.31608414943125207	0.31550045553340655	0.3674267596883226	0.9390956405320369
0.5171017751665391	0.39694273338738756	0.47901549036209157	0.7575748481522201
0.19137564235835483	0.07265373005627898	0.06738958642131042	0.8643636979003994
0.4543999431188757	0.42501804171157137	0.4949930567901694	0.5303967786547565
0.30448324995131903	0.19844761439022912	0.14332181326550894	0.5540100934614989
0.39356207952341005	0.41841250808873187	0.41521956820986866	0.6055207307536551
0.04001579945662462	0.028038860630878015	-0.022234258299484166	0.42724383162044904
0.06419241889348296	-0.03730266323083005	-0.001223830627947023	0.8165310834244498
0.04846904550990343	0.10675642511471291	0.18364737805182504	0.8674867956789335
0.2352052966959951	0.21345206577501086	0.3398592955228349	0.7681903226172292
0.2826428038703972	0.29566534702344055	0.2329249196304491	0.5164390803350687
0.28605484391891917	0.1343520819590428	0.2806875423322792	0.7597584118854024
0.03288992638348491	0.09820420431069649	0.1470549538177058	0.7893760836880486
0.3454835470997288	0.2031210292861737	0.18141874351081616	0.3333153230326828
0.04652412942394579	0.12550015819799962	-0.03399546036215305	0.9875552728799313
0.12486219581695154	0.2327574330522035	0.2316648840905046	0.8869838699863077
0.305035014013077	0.3320147425893187	0.35042104140879643	0.6993347616850861
0.30686532070998485	0.12513481509619814	0.2609514448455242	0.5638959361088287
0.3060806764742835	0.4267831888137753	0.3789316792456478	0.8471643021950921
0.12024507989897035	0.021451230860073084	0.1262457106179141	0.7870915899856874
0.45035955000275374	0.33347260684946867	0.46585217286177794	0.414664920853662
0.12749877522148245	0.19687984036281797	0.08220501485122442	0.5727917835593805
0.20232786491043966	0.2438984705635054	0.26056826917978204	0.7206988042174771
0.030112269108701795	0.10612714118972752	-0.03502883189443171	0.8420747811978267
0.24258568232466424	0.1787373394224745	0.22035703314729582	0.5275612974549799
0.2259028161636987	0.2674088216270333	0.26120282535382733	0.5080439339772238
0.0687428224773959	-0.018468931202763147	0.033458133542181925	1.0279765017561364
0.4529280096686127	0.4709123887969139	0.3570323347197436	0.8051669748460996
0.36994785940486097	0.4679932106459888	0.5552955997672397	0.6956706475294402
0.145701730687955	0.21948077730119953	0.29313864047770116	0.49455754918711925
-0.021865113002277496	0.05164127856091008	0.10128360445338219	0.3854757666694978
0.39644837879120665	0.3983039354322673	0.325467250343069	0.9516201153467061
0.3932300155757217	0.36365883556806694	0.24624737411625372	0.9242803484573114
0.2693855076525803	0.10702725885364694	0.19634525915357665	0.479208422766094
-0.01775326113295679	-0.06144238848930182	0.027407649527922587	0.4645113497606649
