0	6
0	14
0	38
0	46
0	52
0	60
0	63
0	70
0	84
0	90
0	94
0	100
0	109
0	111
0	118
0	129
0	130
0	134
0	144
0	145
0	148
0	149
0	170
0	177
0	185
0	194
0	269
0	566
0	452
0	454
0	628
0	719
1	3
1	20
1	40
1	47
1	49
1	52
1	54
1	59
1	71
1	73
1	92
1	104
1	105
1	121
1	162
1	163
1	164
1	178
1	185
1	186
1	193
1	199
1	279
1	380
1	582
1	691
2	5
2	8
2	11
2	21
2	22
2	25
2	28
2	31
2	41
2	50
2	51
2	52
2	56
2	66
2	69
2	77
2	85
2	89
2	104
2	108
2	109
2	118
2	120
2	121
2	126
2	131
2	135
2	143
2	152
2	163
2	164
2	174
2	266
2	531
2	569
3	7
3	13
3	16
3	17
3	18
3	22
3	26
3	38
3	41
3	43
3	45
3	50
3	59
3	63
3	72
3	73
3	80
3	88
3	89
3	93
3	105
3	111
3	124
3	128
3	133
3	139
3	149
3	153
3	163
3	166
3	169
3	173
3	186
3	197
3	210
4	14
4	18
4	26
4	29
4	38
4	42
4	43
4	48
4	50
4	67
4	68
4	71
4	94
4	107
4	108
4	120
4	121
4	139
4	151
4	158
4	167
4	169
4	171
4	174
4	182
4	183
4	184
4	188
4	192
4	195
4	198
4	529
4	569
4	745
4	757
5	10
5	11
5	13
5	16
5	27
5	35
5	43
5	57
5	60
5	72
5	82
5	85
5	92
5	96
5	103
5	113
5	116
5	123
5	132
5	134
5	139
5	140
5	145
5	149
5	158
5	177
5	206
5	425
5	505
6	28
6	33
6	35
6	41
6	42
6	44
6	47
6	51
6	61
6	71
6	80
6	81
6	86
6	91
6	94
6	106
6	113
6	145
6	170
6	179
6	187
6	193
6	195
7	11
7	13
7	16
7	19
7	30
7	31
7	34
7	38
7	39
7	44
7	51
7	54
7	61
7	63
7	68
7	84
7	89
7	91
7	95
7	97
7	99
7	100
7	102
7	112
7	113
7	114
7	125
7	133
7	137
7	138
7	147
7	149
7	161
7	170
7	179
7	189
7	471
7	734
8	13
8	16
8	22
8	23
8	25
8	32
8	35
8	39
8	40
8	42
8	44
8	50
8	51
8	55
8	62
8	70
8	73
8	107
8	113
8	115
8	119
8	146
8	154
8	164
8	186
8	191
8	205
8	569
8	747
9	27
9	34
9	37
9	48
9	50
9	60
9	82
9	91
9	97
9	104
9	110
9	113
9	118
9	120
9	126
9	130
9	136
9	166
9	169
9	370
9	578
10	22
10	31
10	32
10	38
10	40
10	45
10	59
10	61
10	76
10	78
10	88
10	95
10	100
10	111
10	116
10	135
10	136
10	147
10	157
10	165
10	167
10	170
10	183
10	184
10	193
10	197
10	325
10	359
10	797
11	16
11	20
11	28
11	35
11	40
11	45
11	56
11	60
11	66
11	81
11	95
11	101
11	107
11	112
11	117
11	118
11	119
11	123
11	134
11	138
11	148
11	154
11	160
11	169
11	171
11	178
11	192
11	194
11	795
12	19
12	22
12	23
12	28
12	38
12	46
12	47
12	52
12	60
12	62
12	85
12	89
12	91
12	93
12	96
12	101
12	109
12	112
12	116
12	133
12	152
12	163
12	164
12	171
12	173
12	186
12	331
12	483
13	14
13	15
13	16
13	21
13	23
13	37
13	38
13	56
13	62
13	64
13	68
13	70
13	72
13	95
13	101
13	117
13	122
13	130
13	145
13	149
13	152
13	166
13	178
13	189
13	190
13	198
14	18
14	21
14	22
14	23
14	26
14	39
14	45
14	46
14	49
14	58
14	64
14	65
14	67
14	75
14	81
14	83
14	89
14	92
14	94
14	97
14	104
14	106
14	115
14	119
14	122
14	124
14	125
14	128
14	134
14	136
14	137
14	143
14	146
14	162
14	166
14	168
14	169
14	172
14	177
14	178
14	181
14	186
14	189
14	193
14	519
14	578
14	582
14	652
15	21
15	23
15	28
15	35
15	43
15	52
15	53
15	58
15	69
15	77
15	85
15	101
15	104
15	114
15	130
15	136
15	140
15	149
15	157
15	158
15	169
15	178
15	190
15	196
16	19
16	39
16	48
16	55
16	56
16	59
16	63
16	64
16	66
16	82
16	94
16	105
16	112
16	115
16	118
16	120
16	121
16	134
16	142
16	155
16	157
16	159
16	160
16	165
16	170
16	274
16	708
17	62
17	77
17	81
17	97
17	105
17	106
17	110
17	112
17	114
17	115
17	116
17	126
17	127
17	142
17	145
17	159
17	160
17	166
17	172
17	187
17	191
17	246
17	464
18	19
18	25
18	27
18	28
18	33
18	54
18	56
18	71
18	75
18	101
18	112
18	120
18	123
18	124
18	127
18	145
18	148
18	164
18	171
18	178
18	179
18	180
18	189
18	391
18	649
18	700
19	26
19	55
19	64
19	67
19	81
19	91
19	96
19	97
19	107
19	108
19	111
19	127
19	132
19	136
19	146
19	163
19	166
19	170
19	171
19	193
19	198
19	598
20	23
20	24
20	38
20	45
20	48
20	60
20	63
20	69
20	71
20	80
20	81
20	90
20	98
20	99
20	106
20	107
20	119
20	136
20	148
20	154
20	165
20	169
20	445
20	709
21	27
21	43
21	49
21	52
21	71
21	72
21	77
21	84
21	87
21	88
21	91
21	113
21	114
21	123
21	140
21	141
21	146
21	150
21	152
21	164
21	176
21	186
21	188
21	302
22	31
22	35
22	37
22	39
22	42
22	43
22	50
22	85
22	89
22	91
22	92
22	95
22	109
22	121
22	123
22	124
22	127
22	134
22	138
22	141
22	142
22	146
22	154
22	169
22	172
22	176
22	184
22	188
22	190
22	195
22	595
22	638
23	40
23	46
23	47
23	49
23	51
23	54
23	57
23	65
23	90
23	92
23	107
23	109
23	112
23	120
23	123
23	128
23	131
23	144
23	148
23	149
23	162
23	163
23	171
23	184
23	191
23	194
24	62
24	66
24	76
24	79
24	83
24	88
24	90
24	95
24	103
24	104
24	116
24	120
24	133
24	134
24	140
24	146
24	155
24	156
24	162
24	176
24	199
24	701
25	46
25	62
25	68
25	74
25	86
25	93
25	100
25	105
25	110
25	116
25	118
25	122
25	124
25	127
25	128
25	129
25	135
25	140
25	145
25	152
25	163
25	168
25	179
25	197
25	365
25	586
25	400
25	413
25	456
26	43
26	46
26	47
26	52
26	64
26	71
26	73
26	74
26	75
26	118
26	120
26	124
26	129
26	131
26	134
26	137
26	140
26	150
26	152
26	158
26	162
26	163
26	166
26	194
26	516
26	550
26	400
26	436
27	32
27	33
27	38
27	53
27	62
27	67
27	68
27	77
27	81
27	82
27	83
27	85
27	107
27	121
27	135
27	139
27	174
27	184
27	185
27	190
27	194
27	196
27	333
27	405
28	37
28	39
28	56
28	74
28	89
28	95
28	104
28	105
28	108
28	121
28	125
28	129
28	137
28	145
28	146
28	163
28	171
28	785
29	37
29	40
29	55
29	69
29	74
29	86
29	93
29	110
29	120
29	139
29	145
29	149
29	154
29	163
29	169
29	189
29	198
29	488
30	31
30	35
30	36
30	49
30	61
30	64
30	70
30	71
30	73
30	78
30	83
30	89
30	91
30	103
30	109
30	114
30	115
30	120
30	129
30	134
30	137
30	138
30	139
30	154
30	155
30	166
30	168
30	175
30	181
30	194
30	282
30	595
30	777
31	35
31	52
31	54
31	78
31	90
31	99
31	101
31	103
31	107
31	108
31	115
31	119
31	122
31	139
31	165
31	175
31	177
32	33
32	41
32	42
32	43
32	63
32	87
32	88
32	111
32	118
32	128
32	129
32	138
32	143
32	144
32	149
32	150
32	161
32	170
32	172
32	174
32	180
32	181
32	185
32	595
32	596
33	40
33	42
33	49
33	61
33	77
33	82
33	85
33	101
33	112
33	119
33	121
33	123
33	135
33	136
33	145
33	146
33	151
33	153
33	155
33	163
33	169
33	170
33	184
33	194
33	531
33	617
33	732
34	36
34	38
34	40
34	61
34	62
34	75
34	77
34	81
34	90
34	92
34	97
34	100
34	114
34	127
34	146
34	151
34	165
34	173
34	181
34	189
34	191
34	193
34	572
35	52
35	58
35	60
35	71
35	73
35	89
35	95
35	102
35	103
35	107
35	108
35	110
35	128
35	129
35	149
35	157
35	158
35	165
35	170
35	187
35	223
35	582
35	458
35	602
35	665
35	714
36	49
36	51
36	52
36	54
36	67
36	75
36	78
36	80
36	82
36	85
36	96
36	98
36	99
36	110
36	128
36	135
36	140
36	147
36	148
36	184
36	185
36	191
36	193
36	195
36	641
37	40
37	52
37	53
37	55
37	56
37	61
37	67
37	74
37	83
37	90
37	100
37	105
37	111
37	137
37	141
37	143
37	150
37	162
37	167
37	176
37	178
37	179
37	187
37	192
37	609
38	41
38	47
38	63
38	67
38	68
38	74
38	77
38	79
38	82
38	86
38	87
38	89
38	90
38	92
38	95
38	109
38	111
38	115
38	121
38	135
38	148
38	151
38	152
38	167
38	168
38	172
38	173
38	174
38	481
39	48
39	49
39	70
39	82
39	95
39	97
39	123
39	131
39	132
39	143
39	147
39	148
39	151
39	160
39	174
39	187
39	216
39	266
39	387
40	47
40	57
40	61
40	71
40	83
40	99
40	121
40	123
40	128
40	129
40	162
40	170
40	184
40	186
40	188
40	189
41	49
41	52
41	63
41	70
41	73
41	79
41	86
41	89
41	91
41	92
41	106
41	108
41	115
41	120
41	128
41	142
41	144
41	149
41	153
41	167
41	175
41	185
41	191
41	243
41	281
41	372
41	595
41	615
41	692
41	771
42	51
42	53
42	57
42	62
42	74
42	76
42	78
42	84
42	89
42	93
42	96
42	103
42	106
42	132
42	145
42	148
42	162
42	169
42	174
42	177
42	215
42	512
42	570
42	618
43	70
43	71
43	74
43	75
43	78
43	81
43	89
43	96
43	104
43	106
43	115
43	123
43	130
43	133
43	134
43	148
43	149
43	160
43	163
43	164
43	170
43	172
43	185
43	187
43	194
43	307
43	396
43	686
43	783
44	52
44	53
44	59
44	63
44	64
44	81
44	86
44	89
44	91
44	102
44	103
44	107
44	110
44	127
44	135
44	137
44	138
44	139
44	145
44	155
44	156
44	161
44	170
44	174
44	176
44	181
44	188
44	193
45	46
45	49
45	55
45	63
45	68
45	70
45	71
45	73
45	78
45	84
45	91
45	93
45	95
45	100
45	101
45	103
45	111
45	115
45	123
45	146
45	149
45	152
45	153
45	155
45	169
45	174
45	179
45	189
45	191
45	194
45	197
45	199
45	557
46	50
46	53
46	55
46	60
46	63
46	72
46	74
46	80
46	92
46	97
46	98
46	106
46	119
46	120
46	125
46	126
46	130
46	135
46	136
46	140
46	144
46	148
46	151
46	156
46	159
46	174
46	175
46	191
46	451
47	51
47	61
47	66
47	91
47	105
47	107
47	124
47	130
47	132
47	135
47	136
47	140
47	141
47	142
47	147
47	163
47	185
47	192
47	196
47	198
47	524
47	480
47	662
48	57
48	69
48	70
48	73
48	75
48	81
48	86
48	88
48	93
48	99
48	101
48	103
48	127
48	129
48	131
48	148
48	156
48	157
48	172
48	175
48	176
48	185
48	189
48	191
48	195
49	52
49	70
49	72
49	76
49	90
49	91
49	92
49	104
49	106
49	110
49	115
49	140
49	148
49	156
49	162
49	164
49	167
49	171
49	189
49	192
49	193
49	199
49	635
49	712
50	66
50	68
50	76
50	77
50	80
50	92
50	95
50	97
50	100
50	108
50	109
50	111
50	114
50	119
50	136
50	138
50	140
50	149
50	152
50	162
50	168
50	183
50	186
50	188
50	190
50	254
50	589
51	62
51	79
51	81
51	88
51	96
51	100
51	101
51	110
51	122
51	127
51	133
51	140
51	143
51	145
51	155
51	161
51	162
51	169
51	173
51	195
51	197
51	198
51	554
51	465
51	663
51	707
52	56
52	59
52	71
52	75
52	76
52	77
52	79
52	87
52	95
52	97
52	103
52	111
52	114
52	132
52	136
52	142
52	151
52	163
52	166
52	167
52	179
52	188
52	190
52	191
52	193
52	199
52	385
53	65
53	68
53	70
53	71
53	73
53	93
53	112
53	125
53	141
53	144
53	156
53	157
53	159
53	170
53	173
53	174
53	177
53	186
53	187
53	193
53	194
53	196
53	207
53	654
54	74
54	90
54	100
54	104
54	109
54	110
54	125
54	128
54	137
54	149
54	154
54	164
54	176
54	179
54	194
54	561
55	60
55	65
55	66
55	67
55	86
55	97
55	110
55	111
55	113
55	147
55	151
55	164
55	165
55	167
55	169
55	173
55	177
55	181
55	198
55	352
55	389
56	63
56	64
56	69
56	70
56	93
56	97
56	101
56	111
56	118
56	121
56	126
56	140
56	141
56	145
56	151
56	160
56	161
56	163
56	164
56	176
56	191
56	195
56	198
56	252
56	371
56	592
56	596
56	404
56	479
56	489
56	709
57	63
57	70
57	73
57	77
57	79
57	80
57	85
57	88
57	91
57	96
57	108
57	111
57	114
57	122
57	140
57	158
57	162
57	170
57	179
57	194
57	197
57	207
57	796
58	75
58	89
58	97
58	107
58	124
58	125
58	128
58	130
58	144
58	145
58	146
58	154
58	158
58	161
58	166
58	168
58	169
58	175
58	185
58	190
58	193
58	403
58	601
58	666
59	71
59	76
59	80
59	89
59	99
59	110
59	131
59	134
59	141
59	161
59	163
59	164
59	180
59	181
59	182
59	183
59	186
59	189
59	193
59	195
59	199
59	352
59	437
60	62
60	71
60	88
60	90
60	102
60	119
60	141
60	142
60	143
60	144
60	158
60	159
60	161
60	163
60	167
60	169
60	476
61	66
61	67
61	87
61	96
61	103
61	107
61	109
61	111
61	115
61	127
61	129
61	132
61	142
61	151
61	162
61	167
61	175
61	176
61	196
61	197
61	211
61	360
61	634
61	645
62	69
62	76
62	79
62	83
62	95
62	115
62	125
62	139
62	140
62	141
62	145
62	146
62	153
62	162
62	166
62	171
62	174
62	175
62	192
62	264
62	451
62	672
62	739
63	69
63	75
63	93
63	118
63	120
63	124
63	125
63	128
63	132
63	144
63	152
63	153
63	170
63	171
63	190
63	284
63	534
63	575
63	681
63	790
64	67
64	71
64	73
64	74
64	79
64	90
64	99
64	103
64	105
64	110
64	113
64	119
64	126
64	139
64	142
64	143
64	148
64	155
64	158
64	173
64	176
64	181
64	192
64	199
64	338
64	729
65	89
65	96
65	97
65	105
65	108
65	109
65	118
65	121
65	124
65	127
65	136
65	137
65	152
65	153
65	161
65	166
65	170
65	174
65	185
65	195
65	196
65	198
65	765
66	67
66	68
66	76
66	85
66	88
66	100
66	115
66	146
66	154
66	156
66	163
66	173
66	174
66	186
66	188
66	239
66	438
66	485
66	695
67	78
67	89
67	91
67	94
67	96
67	97
67	104
67	119
67	123
67	131
67	132
67	144
67	145
67	154
67	155
67	160
67	163
67	164
67	168
67	173
67	174
67	178
67	184
67	186
67	191
67	192
67	193
67	392
67	638
67	717
68	69
68	74
68	78
68	86
68	94
68	112
68	129
68	134
68	182
68	183
68	188
68	189
68	192
69	71
69	73
69	88
69	90
69	109
69	121
69	122
69	141
69	153
69	155
69	160
69	161
69	166
69	172
69	173
69	176
69	180
69	181
69	182
69	323
69	348
69	395
69	560
70	81
70	83
70	100
70	102
70	103
70	120
70	122
70	123
70	129
70	133
70	143
70	145
70	151
70	157
70	158
70	166
70	171
70	179
70	184
70	194
70	659
70	755
71	78
71	84
71	90
71	112
71	114
71	118
71	125
71	135
71	139
71	151
71	153
71	157
71	162
71	169
71	401
71	408
71	743
72	88
72	95
72	97
72	98
72	109
72	111
72	112
72	115
72	123
72	125
72	126
72	127
72	132
72	155
72	159
72	161
72	166
72	170
72	175
72	176
72	185
72	186
72	194
72	317
72	731
73	78
73	85
73	88
73	91
73	97
73	98
73	99
73	112
73	122
73	123
73	124
73	144
73	148
73	167
73	171
73	174
73	175
73	181
73	184
73	189
73	191
73	198
73	477
73	498
73	740
74	92
74	103
74	106
74	111
74	119
74	124
74	131
74	142
74	155
74	160
74	161
74	162
74	172
74	614
74	648
74	692
75	78
75	84
75	95
75	114
75	126
75	127
75	139
75	141
75	151
75	154
75	155
75	162
75	167
75	170
75	174
75	193
76	77
76	81
76	88
76	107
76	109
76	114
76	118
76	124
76	129
76	141
76	143
76	156
76	158
76	160
76	169
76	175
76	187
76	194
76	195
76	265
76	370
76	401
77	80
77	84
77	99
77	102
77	106
77	148
77	160
77	162
77	179
77	181
77	183
77	199
78	79
78	84
78	87
78	89
78	91
78	94
78	103
78	107
78	149
78	150
78	165
78	173
78	176
78	179
78	186
78	188
78	196
78	198
78	516
78	657
78	769
79	80
79	92
79	96
79	100
79	112
79	120
79	122
79	127
79	132
79	136
79	139
79	146
79	149
79	150
79	166
79	167
79	170
79	179
79	194
79	198
79	275
79	667
80	92
80	101
80	102
80	111
80	114
80	129
80	131
80	136
80	137
80	142
80	145
80	148
80	149
80	150
80	155
80	182
80	252
80	329
81	85
81	91
81	96
81	118
81	125
81	126
81	147
81	160
81	161
81	164
81	166
81	182
81	185
81	187
81	193
81	194
81	195
81	380
81	791
82	83
82	92
82	100
82	117
82	120
82	123
82	132
82	145
82	154
82	189
82	199
83	100
83	110
83	119
83	136
83	147
83	167
83	171
83	172
83	180
83	189
83	193
83	199
83	315
83	330
83	666
84	97
84	103
84	118
84	120
84	124
84	128
84	140
84	142
84	148
84	155
84	164
84	169
84	170
84	182
84	196
84	719
85	105
85	106
85	107
85	108
85	112
85	116
85	117
85	118
85	132
85	137
85	148
85	155
85	182
85	186
85	194
85	197
85	330
85	517
85	700
85	711
86	94
86	99
86	102
86	105
86	113
86	115
86	128
86	132
86	142
86	155
86	157
86	164
86	172
86	178
86	179
86	183
86	190
86	191
86	320
86	359
87	98
87	110
87	111
87	126
87	127
87	129
87	131
87	141
87	151
87	155
87	159
87	172
87	177
87	187
87	460
88	89
88	96
88	101
88	102
88	104
88	110
88	125
88	129
88	135
88	141
88	150
88	157
88	171
88	175
88	180
88	185
88	188
88	193
88	196
88	251
89	95
89	107
89	123
89	132
89	134
89	141
89	144
89	145
89	146
89	153
89	158
89	159
89	175
89	176
89	177
89	187
89	189
89	193
89	198
89	336
89	534
90	93
90	99
90	100
90	101
90	104
90	111
90	124
90	126
90	130
90	136
90	156
90	172
90	176
90	181
90	184
90	187
90	198
90	199
90	231
90	282
90	284
90	333
90	483
91	108
91	128
91	130
91	147
91	149
91	152
91	163
91	167
91	173
91	177
91	179
91	186
91	199
91	495
91	614
91	660
91	794
92	106
92	111
92	116
92	123
92	124
92	133
92	141
92	165
92	166
92	168
92	187
92	191
92	521
92	652
93	95
93	97
93	109
93	115
93	138
93	139
93	143
93	145
93	150
93	154
93	159
93	165
93	170
93	183
93	186
93	196
93	299
94	105
94	126
94	132
94	134
94	139
94	142
94	146
94	147
94	153
94	155
94	156
94	162
94	176
94	177
94	181
94	188
94	194
94	310
94	637
95	99
95	106
95	121
95	122
95	123
95	124
95	143
95	145
95	163
95	167
95	176
95	179
95	182
95	184
95	191
95	196
95	197
95	342
95	631
96	101
96	109
96	116
96	123
96	130
96	135
96	137
96	138
96	139
96	151
96	153
96	179
96	181
96	183
96	195
96	327
96	398
96	515
96	436
97	108
97	138
97	140
97	141
97	156
97	172
97	185
97	191
97	197
97	261
97	476
97	612
97	614
97	712
98	102
98	121
98	122
98	136
98	149
98	150
98	153
98	180
98	182
98	191
98	197
98	253
98	465
99	104
99	109
99	110
99	115
99	128
99	131
99	140
99	141
99	143
99	165
99	177
99	179
99	181
99	322
99	374
99	578
100	107
100	116
100	126
100	129
100	150
100	162
100	163
100	173
100	180
100	195
100	198
100	457
100	782
101	103
101	105
101	111
101	119
101	121
101	133
101	136
101	145
101	152
101	167
101	172
101	185
101	187
101	526
102	105
102	116
102	122
102	123
102	131
102	137
102	146
102	152
102	169
102	170
102	171
102	173
102	178
102	182
102	183
102	196
103	106
103	109
103	111
103	114
103	129
103	137
103	139
103	140
103	146
103	153
103	157
103	159
103	162
103	166
103	167
103	177
103	179
103	183
103	186
103	187
103	190
103	742
104	105
104	110
104	111
104	114
104	122
104	124
104	131
104	137
104	152
104	157
104	159
104	162
104	187
104	195
104	270
105	106
105	116
105	117
105	119
105	129
105	140
105	144
105	153
105	163
105	174
105	184
105	189
105	191
105	550
106	108
106	129
106	148
106	158
106	160
106	178
106	183
106	187
106	189
106	193
106	195
106	299
106	319
106	517
107	118
107	120
107	121
107	126
107	127
107	147
107	152
107	155
107	156
107	157
107	159
107	169
107	184
107	375
107	691
108	116
108	122
108	135
108	139
108	143
108	145
108	152
108	154
108	164
108	166
108	168
108	173
108	176
108	184
108	195
108	198
108	288
108	342
109	120
109	124
109	125
109	127
109	135
109	146
109	164
109	166
109	178
109	180
109	185
109	186
109	189
109	190
110	111
110	112
110	118
110	119
110	124
110	126
110	152
110	158
110	161
110	162
110	170
110	183
110	194
110	618
110	698
111	113
111	126
111	133
111	145
111	157
111	170
111	181
111	187
111	195
111	198
111	212
111	335
111	379
111	586
112	115
112	132
112	138
112	143
112	144
112	145
112	149
112	153
112	174
112	181
112	188
112	191
112	196
112	342
112	733
113	123
113	127
113	132
113	134
113	147
113	168
113	171
113	178
113	179
113	184
113	194
113	196
113	197
113	198
113	648
114	115
114	165
114	167
114	174
114	193
114	197
114	199
115	120
115	131
115	136
115	138
115	145
115	146
115	149
115	154
115	155
115	164
115	167
115	168
115	172
115	194
115	579
116	119
116	125
116	142
116	147
116	149
116	158
116	161
116	170
116	177
116	189
116	326
116	517
117	131
117	133
117	140
117	154
117	166
117	170
117	177
117	179
117	180
117	186
117	187
117	190
117	240
118	131
118	155
118	179
118	182
118	186
118	187
118	198
118	285
118	384
118	423
119	128
119	130
119	138
119	150
119	153
119	176
119	179
119	182
119	194
119	223
119	528
119	688
119	784
120	133
120	135
120	140
120	150
120	166
120	168
120	176
120	185
120	188
120	297
120	521
120	530
120	748
121	131
121	134
121	140
121	147
121	154
121	156
121	162
121	173
121	178
121	179
121	183
121	184
121	185
121	190
121	594
121	682
121	709
122	130
122	132
122	135
122	150
122	162
122	165
122	182
122	196
122	607
123	128
123	141
123	146
123	153
123	161
123	174
123	180
123	190
123	257
123	332
123	345
124	145
124	162
124	170
124	178
124	180
124	187
124	189
124	192
124	193
124	196
124	550
125	137
125	171
125	181
125	197
125	451
125	649
126	130
126	135
126	136
126	164
126	166
126	167
126	178
126	179
126	186
126	187
126	188
126	189
126	193
126	198
126	265
126	361
127	137
127	140
127	146
127	147
127	151
127	152
127	156
127	171
127	176
127	181
127	187
127	192
127	193
127	195
127	198
127	413
128	130
128	165
128	166
128	173
128	174
128	179
128	186
128	188
128	189
129	139
129	146
129	153
129	158
129	164
129	169
129	174
129	194
129	195
129	197
129	255
130	141
130	147
130	157
130	160
130	171
130	192
131	132
131	148
131	153
131	154
131	167
131	170
131	172
131	180
131	183
131	197
131	198
131	267
131	278
131	391
131	508
131	647
131	730
132	145
132	147
132	149
132	150
132	153
132	158
132	162
132	166
132	175
132	192
132	207
132	706
132	797
133	134
133	137
133	145
133	150
133	156
133	163
133	169
133	171
133	177
133	178
133	185
133	187
133	785
134	139
134	140
134	145
134	147
134	150
134	151
134	152
134	153
134	168
134	185
134	191
134	198
134	506
134	511
134	767
135	143
135	144
135	152
135	168
135	175
135	177
135	179
135	181
135	182
135	184
135	198
135	599
135	443
135	701
136	147
136	149
136	156
136	162
136	164
136	182
136	191
136	284
136	318
136	342
136	565
137	139
137	143
137	147
137	167
137	168
137	183
137	188
137	190
137	196
137	639
138	139
138	146
138	152
138	154
138	161
138	173
138	194
138	217
138	550
138	462
138	490
139	153
139	160
139	162
139	165
139	172
139	173
139	181
139	187
139	194
139	196
139	271
139	403
140	142
140	144
140	159
140	163
140	166
140	171
140	174
140	176
140	181
140	467
140	744
140	786
141	143
141	190
141	199
141	246
142	145
142	147
142	157
142	160
142	166
142	167
142	172
142	173
142	193
142	196
143	166
143	173
143	174
143	179
143	180
143	182
143	184
143	191
143	196
143	197
143	199
143	384
143	556
143	429
143	718
143	744
144	151
144	168
144	169
144	178
144	184
144	191
144	192
144	197
144	353
144	591
145	152
145	162
145	163
145	168
145	169
145	171
145	179
145	182
145	184
145	190
145	194
145	203
145	486
145	721
146	147
146	173
146	183
146	199
146	497
146	702
146	749
146	775
147	156
147	157
147	158
147	159
147	174
147	178
147	182
147	183
147	191
147	363
147	568
147	405
148	154
148	156
148	162
148	165
148	166
148	167
148	169
148	177
148	185
148	193
148	197
148	198
148	224
148	384
148	386
148	533
148	775
149	176
149	179
149	180
149	181
149	183
149	185
149	190
149	198
149	555
150	153
150	165
150	174
150	179
150	198
151	155
151	165
151	166
151	183
151	186
151	195
151	197
151	198
151	360
152	154
152	158
152	166
152	171
152	178
152	183
152	188
152	191
152	196
152	712
153	155
153	164
153	175
153	179
153	191
153	251
153	307
153	600
154	163
154	174
154	177
154	186
154	300
154	711
154	731
155	167
155	174
155	179
155	624
155	758
156	157
156	158
156	162
156	163
156	166
156	190
156	199
156	464
156	627
157	168
157	181
157	191
157	319
157	349
158	167
158	169
158	171
158	172
158	175
158	179
158	180
158	181
158	186
158	192
158	196
158	510
159	160
159	172
159	173
159	178
159	183
159	185
159	410
159	746
160	178
160	190
160	191
160	195
160	413
160	649
161	168
161	177
161	183
161	188
161	194
161	544
161	497
161	786
162	163
162	172
162	183
162	187
162	192
162	197
162	198
163	166
163	170
163	171
163	172
163	176
163	182
163	183
163	184
163	191
163	194
163	503
163	506
164	167
164	170
164	171
164	172
164	186
164	187
164	191
164	197
165	172
165	175
165	185
165	188
165	199
165	717
166	167
166	173
166	175
166	188
166	189
166	193
166	195
167	171
167	172
167	176
167	179
167	190
167	193
167	196
167	199
167	306
167	319
167	408
168	176
168	188
168	195
168	198
168	624
169	184
169	187
169	189
169	193
169	194
169	281
169	382
170	171
170	182
170	186
170	194
170	199
171	176
171	183
171	188
171	195
171	210
172	173
172	185
172	186
172	192
173	178
173	190
173	199
173	563
174	178
174	185
174	187
174	189
174	190
174	300
174	359
174	436
174	752
175	192
175	193
175	250
175	620
175	733
176	184
176	185
176	187
176	189
176	192
176	193
176	194
177	180
177	182
177	185
177	711
178	190
178	191
178	445
179	183
179	189
179	196
179	197
179	198
179	223
179	368
179	499
179	678
180	189
180	190
180	195
180	670
180	721
180	769
181	192
181	460
182	198
182	562
182	584
182	729
183	187
183	198
183	341
183	648
183	732
184	185
184	188
184	190
184	199
184	329
184	591
184	406
184	635
184	740
185	193
185	194
185	196
185	595
185	405
186	190
186	197
186	373
186	792
187	193
187	194
187	441
188	190
188	370
188	377
188	534
189	282
189	405
190	548
190	485
191	192
193	198
193	655
194	265
194	272
194	354
194	557
194	479
194	490
194	693
194	767
195	197
195	199
196	198
196	539
196	660
197	330
197	456
198	231
198	281
198	694
199	364
199	454
200	202
200	206
200	219
200	224
200	225
200	237
200	239
200	249
200	250
200	252
200	266
200	269
200	288
200	293
200	306
200	323
200	347
200	349
200	358
200	366
200	372
200	373
200	380
200	383
200	389
200	395
200	398
201	210
201	224
201	229
201	248
201	264
201	271
201	275
201	280
201	284
201	286
201	297
201	299
201	302
201	311
201	322
201	346
201	365
201	380
201	394
201	397
201	399
202	211
202	216
202	223
202	225
202	232
202	235
202	258
202	261
202	276
202	277
202	278
202	281
202	283
202	284
202	294
202	296
202	301
202	309
202	311
202	313
202	314
202	316
202	321
202	345
202	348
202	364
202	376
202	397
202	436
202	472
202	770
203	208
203	212
203	214
203	222
203	223
203	224
203	233
203	236
203	244
203	245
203	261
203	262
203	265
203	266
203	270
203	279
203	282
203	283
203	290
203	300
203	307
203	319
203	323
203	345
203	348
203	360
203	362
203	366
203	372
203	374
203	382
203	383
203	493
203	699
204	208
204	213
204	215
204	223
204	225
204	228
204	230
204	239
204	242
204	247
204	250
204	259
204	263
204	270
204	272
204	275
204	285
204	291
204	293
204	295
204	296
204	300
204	304
204	318
204	320
204	321
204	333
204	337
204	340
204	352
204	354
204	362
204	370
204	374
204	380
204	385
204	391
204	398
204	545
204	567
204	442
205	240
205	249
205	255
205	259
205	260
205	264
205	266
205	274
205	275
205	281
205	282
205	287
205	295
205	300
205	301
205	310
205	321
205	322
205	326
205	327
205	330
205	331
205	335
205	342
205	344
205	366
205	370
205	372
205	379
205	380
205	675
205	772
206	207
206	209
206	213
206	227
206	228
206	229
206	244
206	246
206	252
206	266
206	273
206	276
206	284
206	291
206	292
206	299
206	303
206	322
206	330
206	332
206	334
206	336
206	341
206	344
206	348
206	350
206	357
206	368
206	370
206	372
206	379
206	388
206	389
206	765
207	210
207	213
207	221
207	231
207	242
207	245
207	269
207	278
207	287
207	292
207	297
207	311
207	313
207	325
207	337
207	338
207	339
207	341
207	365
207	367
207	376
207	390
207	393
208	219
208	232
208	234
208	242
208	244
208	249
208	252
208	261
208	263
208	273
208	287
208	307
208	330
208	331
208	338
208	339
208	364
208	388
208	391
208	393
208	396
208	498
209	244
209	251
209	252
209	254
209	256
209	263
209	267
209	277
209	278
209	281
209	290
209	301
209	303
209	304
209	332
209	341
209	343
209	362
209	368
209	375
209	385
209	390
209	393
209	397
209	599
209	763
210	218
210	222
210	229
210	236
210	238
210	252
210	267
210	281
210	291
210	304
210	305
210	317
210	323
210	339
210	344
210	346
210	347
210	352
210	372
210	379
210	383
210	384
210	397
210	722
211	219
211	223
211	224
211	228
211	230
211	234
211	236
211	251
211	271
211	285
211	286
211	299
211	305
211	307
211	310
211	312
211	313
211	316
211	325
211	327
211	334
211	336
211	342
211	371
211	372
211	393
211	582
212	220
212	221
212	228
212	236
212	242
212	245
212	247
212	249
212	254
212	262
212	271
212	274
212	279
212	283
212	288
212	293
212	298
212	300
212	302
212	303
212	305
212	306
212	308
212	313
212	314
212	319
212	326
212	330
212	337
212	343
212	348
212	350
212	354
212	389
212	390
212	392
212	397
212	565
212	483
212	501
213	222
213	228
213	240
213	248
213	258
213	259
213	261
213	267
213	281
213	291
213	298
213	299
213	300
213	304
213	309
213	313
213	318
213	336
213	342
213	344
213	346
213	350
213	355
213	356
213	368
213	377
213	378
213	380
213	381
213	383
213	386
213	395
214	217
214	223
214	242
214	244
214	249
214	252
214	253
214	261
214	273
214	279
214	288
214	290
214	295
214	299
214	311
214	313
214	336
214	337
214	340
214	350
214	354
214	356
214	364
214	365
214	375
214	385
214	386
214	389
214	399
214	619
215	238
215	241
215	249
215	253
215	280
215	288
215	298
215	310
215	324
215	330
215	340
215	351
215	352
215	360
215	363
215	380
215	384
216	220
216	227
216	228
216	231
216	232
216	236
216	270
216	274
216	281
216	286
216	301
216	303
216	308
216	309
216	310
216	316
216	331
216	332
216	338
216	350
216	361
216	363
216	366
216	372
216	382
216	391
216	394
216	397
216	398
216	439
216	611
216	741
216	775
217	218
217	227
217	233
217	236
217	239
217	262
217	266
217	277
217	279
217	289
217	295
217	302
217	307
217	308
217	309
217	331
217	334
217	363
217	371
217	389
217	390
217	391
217	393
217	541
217	482
217	774
218	223
218	225
218	231
218	233
218	243
218	245
218	246
218	248
218	250
218	268
218	270
218	280
218	291
218	293
218	299
218	302
218	322
218	334
218	341
218	349
218	351
218	352
218	358
218	360
218	366
218	371
218	389
218	390
218	395
219	230
219	240
219	254
219	255
219	256
219	260
219	266
219	269
219	274
219	315
219	318
219	330
219	333
219	361
219	384
219	387
219	389
219	467
219	478
220	225
220	227
220	231
220	233
220	237
220	241
220	244
220	255
220	258
220	264
220	266
220	291
220	301
220	311
220	318
220	328
220	329
220	330
220	336
220	349
220	351
220	363
220	382
220	390
220	392
220	646
220	760
221	222
221	227
221	229
221	239
221	257
221	276
221	278
221	287
221	289
221	290
221	294
221	300
221	303
221	305
221	309
221	326
221	333
221	335
221	342
221	356
221	370
221	377
221	378
221	380
221	386
221	392
221	393
221	531
221	708
222	228
222	229
222	238
222	255
222	258
222	274
222	276
222	277
222	282
222	291
222	292
222	299
222	313
222	316
222	319
222	321
222	324
222	330
222	331
222	338
222	348
222	353
222	358
222	363
222	364
222	370
222	379
222	389
222	392
222	399
223	224
223	226
223	231
223	235
223	238
223	245
223	248
223	250
223	253
223	257
223	262
223	270
223	275
223	279
223	280
223	282
223	290
223	293
223	300
223	307
223	331
223	354
223	366
223	372
223	395
223	716
224	230
224	235
224	238
224	246
224	251
224	264
224	266
224	275
224	277
224	283
224	285
224	292
224	297
224	308
224	310
224	315
224	321
224	329
224	334
224	339
224	344
224	358
224	368
224	373
224	376
224	385
224	387
224	390
224	392
224	395
224	396
224	517
225	228
225	229
225	236
225	256
225	259
225	262
225	267
225	269
225	274
225	284
225	290
225	295
225	299
225	314
225	315
225	322
225	332
225	337
225	345
225	348
225	352
225	356
225	364
225	365
225	382
225	391
226	229
226	238
226	241
226	245
226	257
226	258
226	263
226	272
226	276
226	277
226	283
226	300
226	308
226	310
226	311
226	324
226	328
226	331
226	343
226	347
226	366
226	384
226	388
226	390
226	395
226	399
226	528
226	620
226	707
227	228
227	232
227	235
227	257
227	291
227	300
227	329
227	332
227	348
227	364
227	367
227	369
227	392
227	399
228	255
228	257
228	260
228	288
228	292
228	293
228	296
228	298
228	307
228	310
228	311
228	322
228	325
228	326
228	327
228	343
228	347
228	361
228	363
228	365
228	366
228	367
228	377
228	386
228	387
228	389
228	394
228	734
229	231
229	243
229	251
229	270
229	273
229	280
229	285
229	306
229	311
229	316
229	335
229	336
229	342
229	343
229	351
229	353
229	363
229	365
229	376
229	388
229	622
229	633
229	761
230	237
230	240
230	250
230	258
230	259
230	277
230	311
230	327
230	331
230	334
230	335
230	337
230	355
230	383
230	388
230	390
230	581
231	234
231	235
231	246
231	257
231	258
231	259
231	274
231	281
231	290
231	303
231	304
231	319
231	323
231	338
231	339
231	344
231	352
231	360
231	368
231	378
231	380
231	383
231	385
231	388
231	389
231	398
231	399
231	586
232	245
232	247
232	254
232	256
232	259
232	260
232	265
232	275
232	289
232	293
232	308
232	310
232	322
232	324
232	325
232	326
232	329
232	335
232	355
232	372
232	381
232	391
232	675
233	242
233	245
233	261
233	288
233	295
233	305
233	308
233	311
233	313
233	323
233	334
233	339
233	345
233	348
233	349
233	356
233	360
233	366
233	380
233	387
233	399
234	243
234	244
234	246
234	257
234	263
234	264
234	270
234	273
234	276
234	279
234	280
234	281
234	308
234	311
234	318
234	319
234	332
234	338
234	342
234	343
234	347
234	354
234	356
234	361
234	369
234	376
234	382
234	387
234	390
234	394
234	395
234	399
235	242
235	248
235	257
235	258
235	276
235	285
235	290
235	294
235	314
235	320
235	337
235	345
235	346
235	349
235	350
235	354
235	362
235	372
235	385
235	387
235	394
235	397
235	620
235	786
236	238
236	239
236	242
236	247
236	254
236	266
236	271
236	275
236	276
236	285
236	288
236	292
236	303
236	318
236	323
236	327
236	331
236	335
236	347
236	354
236	356
236	357
236	358
236	360
236	361
236	366
236	369
236	370
236	507
237	245
237	259
237	260
237	276
237	280
237	285
237	293
237	295
237	306
237	308
237	329
237	332
237	342
237	344
237	346
237	352
237	356
237	373
237	377
237	388
237	394
237	504
237	511
237	669
238	241
238	254
238	255
238	259
238	264
238	267
238	275
238	277
238	278
238	280
238	283
238	284
238	289
238	291
238	295
238	312
238	313
238	318
238	331
238	336
238	338
238	346
238	352
238	353
238	357
238	369
238	371
238	386
238	392
238	395
238	397
239	253
239	256
239	258
239	267
239	290
239	303
239	324
239	343
239	350
239	351
239	352
239	360
239	368
239	374
239	379
239	383
239	385
239	391
239	393
239	395
239	521
239	622
240	255
240	257
240	263
240	264
240	274
240	279
240	280
240	283
240	294
240	296
240	303
240	310
240	318
240	328
240	329
240	330
240	333
240	337
240	345
240	347
240	361
240	366
240	367
240	371
240	383
240	392
240	547
241	245
241	252
241	264
241	266
241	267
241	277
241	283
241	300
241	310
241	314
241	327
241	330
241	343
241	379
241	381
241	383
241	388
241	390
241	395
241	456
242	243
242	249
242	254
242	260
242	263
242	265
242	274
242	278
242	281
242	305
242	307
242	310
242	324
242	325
242	335
242	338
242	341
242	355
242	358
242	365
242	366
242	377
242	386
242	388
242	635
242	648
243	246
243	248
243	249
243	261
243	268
243	271
243	280
243	293
243	299
243	308
243	309
243	311
243	317
243	321
243	323
243	329
243	331
243	337
243	345
243	349
243	350
243	353
243	358
243	359
243	368
243	389
243	392
243	397
243	769
244	249
244	251
244	257
244	274
244	289
244	301
244	302
244	313
244	323
244	326
244	362
244	365
244	373
244	380
244	396
244	575
245	247
245	269
245	283
245	288
245	300
245	309
245	316
245	328
245	343
245	363
245	367
245	373
245	380
245	382
245	385
245	712
246	254
246	260
246	269
246	279
246	281
246	293
246	313
246	314
246	321
246	324
246	325
246	338
246	345
246	363
246	376
246	382
246	391
246	395
246	715
247	261
247	262
247	263
247	267
247	271
247	282
247	284
247	291
247	315
247	321
247	331
247	342
247	360
247	383
247	385
247	388
247	493
248	249
248	258
248	272
248	276
248	292
248	294
248	300
248	307
248	321
248	323
248	340
248	341
248	346
248	349
248	354
248	357
248	369
248	389
248	393
248	395
248	396
249	255
249	257
249	268
249	273
249	276
249	281
249	285
249	288
249	302
249	308
249	312
249	324
249	333
249	335
249	339
249	345
249	356
249	368
249	384
249	400
249	787
250	251
250	252
250	253
250	276
250	279
250	301
250	303
250	315
250	317
250	324
250	329
250	345
250	353
250	354
250	360
250	361
250	377
250	381
250	384
250	388
250	395
250	788
251	255
251	263
251	274
251	280
251	299
251	301
251	303
251	312
251	313
251	319
251	322
251	325
251	326
251	336
251	342
251	352
251	366
251	382
251	385
251	387
251	398
251	410
252	262
252	277
252	300
252	301
252	319
252	329
252	332
252	333
252	334
252	349
252	351
252	353
252	365
252	391
252	394
252	482
253	255
253	266
253	269
253	274
253	280
253	284
253	286
253	288
253	296
253	317
253	319
253	320
253	326
253	327
253	352
253	358
253	381
253	386
253	390
253	392
253	483
253	650
254	257
254	262
254	268
254	270
254	271
254	275
254	281
254	284
254	286
254	309
254	320
254	321
254	368
254	371
254	377
254	378
254	384
254	397
255	256
255	258
255	259
255	275
255	288
255	289
255	291
255	300
255	303
255	315
255	317
255	322
255	333
255	334
255	338
255	341
255	343
255	348
255	356
255	364
255	365
255	369
255	374
255	388
255	393
255	397
255	515
255	732
256	257
256	261
256	269
256	293
256	300
256	316
256	374
256	378
256	383
256	387
256	396
257	260
257	263
257	264
257	268
257	289
257	293
257	294
257	300
257	305
257	307
257	309
257	311
257	317
257	324
257	329
257	331
257	332
257	338
257	351
257	362
257	366
257	369
257	370
257	384
257	398
257	514
257	572
257	577
257	793
258	262
258	273
258	277
258	279
258	282
258	283
258	309
258	312
258	313
258	330
258	334
258	354
258	368
258	369
258	376
258	377
258	383
258	385
258	397
259	262
259	264
259	273
259	274
259	298
259	327
259	333
259	341
259	350
259	361
259	363
259	364
259	373
259	383
259	391
259	394
259	395
259	399
260	262
260	272
260	275
260	279
260	284
260	289
260	295
260	302
260	307
260	314
260	316
260	323
260	330
260	335
260	353
260	355
260	363
260	365
260	370
260	391
260	485
260	613
260	642
261	266
261	268
261	293
261	299
261	310
261	343
261	344
261	347
261	348
261	349
261	359
261	364
261	371
261	373
261	440
262	263
262	274
262	276
262	287
262	288
262	291
262	299
262	302
262	304
262	306
262	330
262	332
262	334
262	335
262	341
262	352
262	353
262	360
262	361
262	369
262	375
262	376
262	378
262	392
262	396
262	397
263	264
263	268
263	289
263	292
263	300
263	322
263	325
263	326
263	331
263	334
263	338
263	355
263	363
263	364
263	372
263	385
263	393
263	662
264	266
264	296
264	298
264	301
264	322
264	346
264	347
264	360
264	377
264	378
264	385
264	394
264	396
264	433
264	464
265	284
265	300
265	304
265	305
265	306
265	315
265	325
265	326
265	328
265	334
265	336
265	338
265	344
265	363
265	376
265	381
265	393
265	394
265	395
265	400
266	278
266	282
266	283
266	285
266	293
266	298
266	299
266	306
266	319
266	327
266	328
266	329
266	331
266	332
266	335
266	351
266	354
266	357
266	358
266	395
266	550
266	570
267	276
267	279
267	289
267	290
267	303
267	311
267	315
267	343
267	344
267	349
267	352
267	364
267	382
267	387
267	392
267	399
267	568
268	285
268	296
268	310
268	324
268	331
268	339
268	350
268	351
268	360
268	393
268	417
268	440
268	647
269	279
269	295
269	319
269	327
269	336
269	345
269	350
269	360
269	365
269	369
269	375
269	387
269	394
269	544
269	460
270	275
270	292
270	298
270	306
270	327
270	328
270	329
270	351
270	353
270	359
270	360
270	370
270	371
270	381
270	385
270	655
270	781
271	275
271	285
271	294
271	298
271	304
271	308
271	309
271	322
271	324
271	327
271	331
271	366
271	374
271	381
271	598
272	281
272	283
272	290
272	291
272	296
272	302
272	306
272	315
272	319
272	328
272	333
272	335
272	337
272	349
272	353
272	358
272	361
272	363
272	376
272	380
272	394
272	562
273	280
273	286
273	295
273	301
273	307
273	322
273	323
273	324
273	334
273	335
273	340
273	346
273	373
273	375
273	380
273	387
273	395
274	285
274	308
274	311
274	312
274	318
274	324
274	333
274	338
274	344
274	347
274	362
274	380
274	382
274	383
274	396
274	548
274	708
275	277
275	278
275	280
275	289
275	294
275	298
275	299
275	301
275	308
275	311
275	319
275	330
275	331
275	341
275	342
275	375
275	380
275	394
275	396
275	656
276	280
276	284
276	308
276	310
276	315
276	323
276	327
276	337
276	342
276	346
276	351
276	355
276	361
276	377
276	379
276	647
277	282
277	284
277	286
277	287
277	294
277	295
277	303
277	307
277	309
277	311
277	314
277	334
277	345
277	359
277	366
277	368
277	378
277	388
277	390
277	391
277	397
277	436
277	724
278	282
278	298
278	300
278	304
278	312
278	324
278	326
278	331
278	344
278	345
278	380
278	394
278	396
279	281
279	292
279	298
279	300
279	303
279	309
279	321
279	345
279	347
279	358
279	363
279	364
279	371
279	381
279	384
279	391
279	392
279	743
280	286
280	294
280	301
280	303
280	304
280	307
280	311
280	318
280	321
280	323
280	325
280	335
280	351
280	355
280	357
280	366
280	367
280	386
280	392
280	394
280	398
280	433
280	658
280	701
281	285
281	297
281	304
281	305
281	310
281	316
281	319
281	320
281	322
281	324
281	352
281	353
281	391
281	397
281	398
282	283
282	287
282	292
282	296
282	306
282	308
282	323
282	326
282	327
282	349
282	361
282	363
282	372
282	374
282	376
282	384
282	386
282	388
282	390
282	395
282	397
282	399
282	622
282	703
283	293
283	305
283	312
283	313
283	322
283	330
283	334
283	335
283	340
283	357
283	360
283	373
283	379
283	389
283	390
283	399
283	580
284	294
284	298
284	345
284	351
284	352
284	359
284	362
284	363
284	365
284	371
284	375
284	378
284	379
284	384
284	394
284	396
284	398
284	399
285	292
285	296
285	302
285	308
285	309
285	312
285	328
285	333
285	335
285	348
285	370
285	371
285	380
285	383
285	395
285	399
285	548
285	615
286	291
286	300
286	310
286	320
286	321
286	329
286	337
286	346
286	347
286	353
286	355
286	358
286	364
286	368
286	369
286	370
286	387
286	396
286	610
287	294
287	313
287	319
287	339
287	344
287	351
287	355
287	372
287	376
287	378
287	383
287	385
287	386
287	395
288	299
288	338
288	342
288	348
288	353
288	354
288	356
288	362
288	367
288	374
288	382
288	388
288	390
288	395
288	592
288	619
289	307
289	319
289	323
289	328
289	342
289	346
289	347
289	354
289	361
289	383
289	795
290	298
290	302
290	305
290	312
290	313
290	317
290	320
290	321
290	328
290	332
290	334
290	336
290	340
290	343
290	349
290	374
290	394
290	395
290	396
291	293
291	299
291	301
291	303
291	304
291	307
291	319
291	326
291	335
291	340
291	341
291	350
291	364
291	365
291	369
291	374
291	382
291	609
291	668
291	720
292	309
292	318
292	328
292	333
292	334
292	355
292	361
292	363
292	365
292	371
292	376
292	381
292	397
292	473
292	705
293	300
293	302
293	322
293	328
293	337
293	368
293	370
293	378
293	389
293	529
293	405
293	416
294	305
294	325
294	331
294	335
294	338
294	339
294	344
294	347
294	356
294	361
294	373
294	377
294	378
294	435
295	297
295	306
295	316
295	326
295	327
295	331
295	337
295	338
295	340
295	344
295	352
295	362
295	363
295	366
295	372
295	380
295	382
295	383
295	393
295	399
296	319
296	320
296	342
296	344
296	345
296	349
296	361
296	365
296	367
296	374
296	379
296	382
297	300
297	303
297	316
297	318
297	320
297	338
297	347
297	365
297	366
297	372
297	373
297	379
297	382
297	383
297	385
297	389
297	392
297	395
297	628
297	763
298	302
298	307
298	320
298	327
298	352
298	377
298	379
298	382
298	386
298	390
298	395
298	396
298	443
298	794
299	306
299	317
299	321
299	329
299	336
299	341
299	345
299	350
299	365
299	368
299	370
299	371
299	372
299	373
299	386
299	409
300	303
300	304
300	314
300	326
300	328
300	334
300	335
300	340
300	344
300	345
300	351
300	357
300	361
300	362
300	385
300	386
300	393
300	680
300	702
300	799
301	304
301	312
301	314
301	318
301	319
301	320
301	321
301	322
301	324
301	328
301	335
301	338
301	342
301	347
301	359
301	364
301	381
301	388
301	395
301	397
301	650
301	733
302	304
302	314
302	321
302	326
302	329
302	335
302	342
302	359
302	361
302	368
302	369
302	386
302	721
303	308
303	311
303	314
303	333
303	339
303	340
303	344
303	363
303	368
303	370
303	386
303	395
303	611
303	794
304	307
304	319
304	333
304	344
304	347
304	374
304	379
304	611
305	312
305	314
305	318
305	319
305	329
305	344
305	346
305	354
305	361
305	363
305	368
305	377
305	379
305	394
305	395
305	708
306	315
306	318
306	332
306	333
306	340
306	343
306	358
306	359
306	366
306	374
306	378
306	384
306	566
307	311
307	312
307	323
307	324
307	325
307	327
307	330
307	331
307	334
307	337
307	339
307	348
307	350
307	352
307	354
307	355
307	356
307	357
307	366
307	368
307	379
307	389
307	630
307	664
307	741
308	309
308	313
308	316
308	340
308	345
308	347
308	356
308	358
308	359
308	362
308	365
308	366
308	378
308	384
308	389
309	321
309	326
309	330
309	334
309	339
309	341
309	348
309	349
309	360
309	379
309	386
309	393
309	768
310	319
310	323
310	329
310	348
310	359
310	361
310	363
310	375
310	382
310	386
310	454
310	715
310	785
310	798
311	319
311	332
311	335
311	350
311	354
311	361
311	363
311	375
311	386
311	399
312	323
312	324
312	345
312	357
312	359
312	365
312	368
312	373
312	376
312	391
312	397
312	676
312	790
313	328
313	338
313	341
313	344
313	349
313	364
313	367
313	371
313	374
313	386
313	387
313	527
314	319
314	320
314	327
314	330
314	342
314	374
314	379
314	380
315	318
315	325
315	330
315	350
315	372
315	375
315	513
315	562
315	642
316	321
316	326
316	327
316	330
316	332
316	334
316	335
316	336
316	350
316	353
316	357
316	360
316	361
316	367
316	374
316	376
316	383
316	783
317	318
317	323
317	327
317	331
317	334
317	335
317	342
317	343
317	359
317	365
317	396
317	528
318	331
318	344
318	347
318	348
318	354
318	360
318	361
318	362
318	366
318	370
318	372
318	373
318	385
318	390
318	395
318	711
319	322
319	328
319	332
319	346
319	355
319	364
319	372
319	386
319	391
319	519
320	327
320	334
320	352
320	361
320	362
320	386
320	387
320	391
320	392
320	535
321	336
321	354
321	364
321	365
321	381
321	392
321	396
321	397
321	563
321	478
321	761
322	330
322	332
322	348
322	349
322	361
322	362
322	365
322	371
322	390
322	679
323	332
323	335
323	340
323	343
323	346
323	357
323	359
323	363
323	383
323	384
323	627
323	645
323	657
323	743
323	799
324	334
324	352
324	353
324	363
324	366
324	371
324	377
324	384
324	392
324	393
324	394
324	396
324	485
325	336
325	339
325	340
325	345
325	351
325	354
325	371
325	373
325	382
325	387
325	392
325	397
325	398
325	665
325	691
326	327
326	329
326	342
326	355
326	369
326	378
326	388
326	391
326	393
326	399
326	649
326	737
326	757
326	762
327	342
327	343
327	348
327	350
327	360
327	364
327	369
327	374
327	387
327	389
327	390
327	393
328	338
328	344
328	346
328	357
328	367
328	374
328	378
328	390
328	391
328	397
329	336
329	344
329	350
329	351
329	361
329	375
329	379
329	395
329	399
329	646
330	335
330	341
330	343
330	360
330	369
330	376
330	377
330	380
330	388
330	389
330	391
330	398
330	534
330	422
330	793
331	336
331	355
331	359
331	362
331	369
331	389
331	458
332	338
332	340
332	343
332	351
332	354
332	360
332	394
332	395
333	340
333	343
333	346
333	348
333	355
333	356
333	360
333	371
333	393
333	394
333	398
333	463
333	631
333	672
334	344
334	350
334	358
334	362
334	368
334	384
334	390
334	392
334	396
334	622
335	347
335	348
335	351
335	356
335	364
335	365
335	369
335	375
335	383
335	384
335	708
336	339
336	344
336	346
336	350
336	353
336	359
336	363
336	364
336	391
336	395
336	396
336	405
336	733
337	339
337	340
337	365
337	373
337	389
337	392
337	431
338	340
338	343
338	348
338	349
338	351
338	354
338	355
338	356
338	364
338	370
338	373
338	377
338	393
338	736
339	345
339	355
339	358
339	378
339	382
339	385
339	724
340	343
340	357
340	371
340	374
340	383
340	399
340	535
340	784
341	361
341	363
341	367
341	384
341	386
341	390
341	394
341	398
341	576
342	347
342	349
342	360
342	364
342	366
342	376
342	382
342	383
342	390
342	559
343	348
343	351
343	357
343	358
343	361
343	365
343	378
343	385
343	391
343	392
343	398
343	641
343	784
344	346
344	355
344	363
344	367
344	381
344	388
344	391
344	398
344	439
344	765
345	351
345	353
345	366
345	375
345	377
345	380
345	389
345	786
346	347
346	349
346	362
346	371
346	372
346	374
346	377
346	382
346	388
346	394
346	396
346	529
347	368
347	386
347	389
347	398
347	725
348	349
348	350
348	353
348	356
348	357
348	360
348	363
348	370
348	373
348	387
348	389
348	521
349	353
349	359
349	362
349	367
349	384
349	388
349	392
349	492
349	505
349	613
349	657
349	692
350	360
350	363
350	364
350	369
350	380
350	391
350	652
351	359
351	364
351	367
351	369
351	374
351	375
351	377
351	389
351	394
351	395
351	432
352	356
352	357
352	365
352	368
352	370
352	391
353	358
353	366
353	370
353	378
353	385
353	398
354	369
354	376
354	381
354	393
354	411
354	740
355	371
355	381
355	382
355	387
355	388
355	393
355	453
356	367
356	374
356	379
356	546
356	758
357	362
357	368
357	372
357	374
357	386
357	389
357	397
358	366
358	368
358	385
358	396
358	643
359	378
359	381
359	383
359	388
359	395
360	385
361	367
361	368
361	371
361	375
361	380
361	390
362	365
362	380
362	383
362	394
362	397
362	398
362	399
362	596
362	723
363	393
363	394
363	398
363	399
364	370
364	372
364	373
364	395
364	397
364	398
364	591
364	453
364	758
365	375
365	381
365	382
365	398
365	573
365	427
365	482
365	602
365	630
366	371
366	372
366	376
366	399
367	373
367	381
368	371
368	372
368	373
368	378
368	388
368	394
368	437
369	371
369	374
369	391
369	397
370	374
370	375
370	396
370	679
370	686
370	783
371	373
371	379
371	380
371	383
371	391
371	395
371	396
371	398
371	518
371	599
371	422
372	380
372	389
372	392
372	660
372	683
373	381
373	387
373	391
373	396
373	504
374	381
374	383
374	391
374	397
374	563
375	378
375	388
375	390
375	399
375	685
375	691
376	385
376	388
376	395
376	397
376	399
376	423
376	785
377	384
377	390
377	611
377	778
378	397
379	381
379	622
379	731
379	768
381	387
381	389
381	399
381	566
382	384
382	397
382	513
382	704
383	384
383	390
383	394
383	533
383	470
383	764
384	385
384	392
384	394
384	396
384	398
384	440
384	634
384	760
384	786
385	390
385	394
385	592
386	387
386	393
386	396
387	493
388	784
389	394
389	398
389	399
389	799
390	709
391	392
391	716
392	572
394	511
395	466
396	398
396	581
396	507
396	644
396	728
396	773
397	546
398	557
399	436
399	483
512	533
512	551
512	556
512	563
512	571
512	576
512	585
512	590
512	594
512	597
512	413
512	417
512	433
512	435
512	436
512	443
512	446
512	448
512	456
512	458
512	462
512	467
512	473
512	474
512	476
512	492
512	511
512	774
513	517
513	523
513	535
513	539
513	543
513	548
513	550
513	558
513	566
513	570
513	582
513	590
513	593
513	407
513	408
513	409
513	410
513	413
513	414
513	422
513	434
513	449
513	457
513	459
513	465
513	471
513	475
513	484
513	491
513	502
513	506
513	507
513	511
514	527
514	537
514	542
514	543
514	548
514	554
514	562
514	564
514	593
514	412
514	428
514	433
514	455
514	465
514	482
514	491
514	494
514	495
514	499
514	502
514	504
514	509
514	764
515	516
515	521
515	522
515	528
515	539
515	551
515	566
515	569
515	576
515	581
515	583
515	402
515	405
515	413
515	427
515	438
515	443
515	448
515	454
515	455
515	469
515	470
515	474
515	489
515	497
515	649
516	528
516	532
516	537
516	545
516	549
516	552
516	559
516	578
516	583
516	589
516	401
516	403
516	404
516	418
516	425
516	434
516	436
516	442
516	444
516	445
516	451
516	463
516	477
516	488
516	492
516	504
516	509
517	528
517	530
517	550
517	552
517	553
517	563
517	571
517	572
517	585
517	590
517	594
517	596
517	404
517	411
517	423
517	431
517	433
517	456
517	466
517	474
517	477
517	496
517	500
517	507
517	600
518	522
518	524
518	566
518	569
518	578
518	580
518	589
518	401
518	421
518	424
518	426
518	431
518	435
518	441
518	443
518	444
518	456
518	470
518	474
518	475
518	482
518	506
518	508
518	734
519	533
519	539
519	550
519	556
519	558
519	570
519	572
519	587
519	589
519	593
519	419
519	429
519	430
519	440
519	444
519	471
519	472
519	497
519	500
519	501
519	504
519	505
519	507
520	526
520	549
520	552
520	553
520	576
520	577
520	578
520	583
520	591
520	592
520	405
520	409
520	420
520	428
520	430
520	435
520	437
520	451
520	454
520	463
520	474
520	477
520	479
520	482
520	487
520	490
520	500
520	502
520	508
520	509
521	524
521	526
521	528
521	531
521	547
521	555
521	563
521	564
521	569
521	571
521	575
521	587
521	590
521	592
521	596
521	597
521	422
521	430
521	449
521	456
521	478
521	479
521	493
521	507
521	509
521	510
521	785
522	527
522	533
522	536
522	542
522	548
522	551
522	558
522	563
522	570
522	581
522	585
522	597
522	400
522	419
522	422
522	440
522	447
522	462
522	473
522	474
522	483
522	488
522	489
522	493
522	496
522	497
522	499
522	510
523	527
523	532
523	538
523	550
523	552
523	557
523	558
523	559
523	572
523	583
523	586
523	595
523	402
523	403
523	411
523	414
523	420
523	438
523	441
523	442
523	443
523	448
523	450
523	458
523	460
523	466
523	473
523	490
523	491
523	494
523	500
523	501
523	503
523	507
523	601
523	687
524	530
524	536
524	537
524	541
524	558
524	559
524	561
524	569
524	571
524	575
524	588
524	590
524	591
524	592
524	407
524	410
524	435
524	440
524	446
524	453
524	460
524	472
524	478
524	479
524	481
524	497
524	499
524	500
524	502
524	616
525	526
525	528
525	532
525	542
525	543
525	545
525	554
525	556
525	558
525	565
525	582
525	584
525	598
525	400
525	403
525	405
525	409
525	410
525	419
525	421
525	442
525	450
525	451
525	454
525	456
525	460
525	463
525	465
525	473
525	490
525	492
525	497
525	508
525	764
526	532
526	533
526	536
526	541
526	543
526	550
526	553
526	560
526	579
526	581
526	599
526	419
526	422
526	426
526	427
526	429
526	445
526	447
526	449
526	455
526	462
526	463
526	471
526	473
526	481
526	498
526	499
526	502
526	510
526	511
526	637
526	713
527	531
527	539
527	540
527	546
527	569
527	571
527	574
527	584
527	591
527	403
527	406
527	408
527	409
527	421
527	435
527	470
527	471
527	487
527	495
528	532
528	541
528	544
528	547
528	550
528	561
528	562
528	563
528	578
528	583
528	594
528	597
528	598
528	407
528	408
528	412
528	413
528	416
528	419
528	421
528	427
528	430
528	455
528	456
528	465
528	466
528	468
528	472
528	474
528	484
528	488
528	491
528	495
528	501
528	505
528	507
528	699
528	760
529	530
529	531
529	535
529	536
529	541
529	542
529	548
529	557
529	559
529	561
529	563
529	566
529	569
529	577
529	591
529	593
529	597
529	400
529	403
529	404
529	408
529	426
529	432
529	440
529	445
529	448
529	450
529	459
529	475
529	477
529	481
529	485
529	488
529	500
529	509
529	510
529	511
529	691
530	535
530	538
530	545
530	552
530	561
530	571
530	574
530	580
530	595
530	599
530	403
530	411
530	412
530	413
530	421
530	438
530	443
530	449
530	462
530	465
530	474
530	478
530	483
530	490
530	502
530	503
530	506
530	508
530	510
531	567
531	571
531	574
531	584
531	589
531	405
531	409
531	423
531	434
531	441
531	458
531	460
531	463
531	467
531	487
531	495
531	501
531	505
531	510
532	533
532	535
532	537
532	538
532	558
532	578
532	584
532	585
532	594
532	596
532	409
532	411
532	415
532	424
532	430
532	435
532	440
532	444
532	461
532	472
532	492
532	497
532	659
533	538
533	550
533	553
533	559
533	565
533	567
533	568
533	570
533	575
533	579
533	592
533	406
533	408
533	416
533	417
533	419
533	427
533	435
533	448
533	455
533	456
533	459
533	463
533	464
533	466
533	485
533	486
533	489
533	500
533	509
534	538
534	543
534	545
534	548
534	556
534	564
534	592
534	419
534	440
534	458
534	460
534	469
534	484
534	502
534	638
535	550
535	574
535	585
535	428
535	440
535	445
535	454
535	455
535	472
535	484
535	505
535	792
536	546
536	555
536	558
536	566
536	569
536	570
536	580
536	589
536	590
536	591
536	593
536	595
536	402
536	406
536	408
536	412
536	417
536	420
536	424
536	426
536	429
536	431
536	434
536	435
536	436
536	454
536	456
536	457
536	461
536	468
536	471
536	477
536	482
536	497
536	501
536	502
536	506
536	508
536	510
537	538
537	540
537	543
537	557
537	560
537	571
537	574
537	575
537	591
537	401
537	403
537	414
537	415
537	416
537	425
537	430
537	438
537	440
537	451
537	453
537	454
537	458
537	463
537	472
537	480
537	490
537	495
537	497
537	506
537	507
537	604
538	546
538	549
538	551
538	557
538	565
538	569
538	581
538	590
538	414
538	425
538	449
538	453
538	479
538	483
538	495
538	496
538	502
538	504
539	544
539	545
539	552
539	575
539	578
539	583
539	592
539	403
539	427
539	436
539	439
539	451
539	457
539	476
539	480
539	484
539	486
539	503
539	505
540	545
540	561
540	563
540	588
540	406
540	407
540	419
540	425
540	432
540	435
540	462
540	476
540	480
540	483
540	491
540	492
540	509
540	687
540	738
541	549
541	555
541	557
541	561
541	565
541	569
541	574
541	576
541	583
541	587
541	593
541	597
541	599
541	402
541	411
541	420
541	425
541	444
541	451
541	464
541	469
541	471
541	472
541	473
541	474
541	509
541	698
542	551
542	558
542	561
542	588
542	593
542	400
542	427
542	436
542	453
542	471
542	473
542	477
542	489
542	502
543	561
543	579
543	589
543	594
543	595
543	401
543	407
543	409
543	411
543	414
543	424
543	448
543	449
543	455
543	468
543	483
543	484
543	492
543	498
543	500
543	776
544	545
544	547
544	548
544	562
544	566
544	576
544	584
544	595
544	402
544	412
544	423
544	428
544	432
544	433
544	446
544	448
544	451
544	452
544	455
544	460
544	467
544	471
544	472
544	473
544	482
544	490
544	494
544	497
544	506
544	640
545	569
545	571
545	573
545	582
545	585
545	590
545	592
545	593
545	596
545	598
545	409
545	410
545	412
545	445
545	456
545	464
545	465
545	486
545	492
545	503
545	504
545	752
545	799
546	547
546	548
546	565
546	574
546	581
546	588
546	599
546	401
546	408
546	413
546	414
546	423
546	434
546	438
546	441
546	455
546	456
546	461
546	462
546	493
546	495
546	499
546	500
546	506
546	507
547	550
547	557
547	559
547	565
547	578
547	585
547	597
547	419
547	421
547	422
547	426
547	431
547	434
547	435
547	443
547	444
547	485
547	486
547	499
547	503
547	504
547	507
547	751
548	568
548	583
548	584
548	596
548	413
548	420
548	425
548	431
548	433
548	434
548	440
548	444
548	452
548	459
548	480
548	502
548	503
549	550
549	564
549	573
549	591
549	401
549	406
549	408
549	418
549	422
549	424
549	439
549	446
549	449
549	477
549	479
549	481
549	482
549	489
549	497
549	507
550	553
550	557
550	566
550	568
550	569
550	574
550	580
550	587
550	594
550	402
550	406
550	414
550	418
550	427
550	428
550	434
550	443
550	460
550	463
550	472
550	482
550	488
550	766
551	558
551	559
551	563
551	566
551	570
551	571
551	575
551	593
551	402
551	403
551	404
551	411
551	436
551	445
551	449
551	464
551	478
551	484
551	485
551	508
552	565
552	574
552	582
552	592
552	412
552	419
552	428
552	448
552	450
552	452
552	460
552	471
552	481
552	491
552	495
552	496
552	500
552	507
553	555
553	564
553	571
553	584
553	585
553	594
553	598
553	405
553	411
553	415
553	424
553	425
553	454
553	455
553	456
553	462
553	468
553	480
553	490
553	731
554	556
554	559
554	560
554	573
554	592
554	401
554	414
554	417
554	420
554	426
554	427
554	428
554	430
554	451
554	453
554	454
554	455
554	462
554	467
554	480
554	483
554	486
554	494
554	495
554	504
554	505
554	508
554	511
554	728
555	558
555	562
555	569
555	579
555	585
555	591
555	592
555	598
555	406
555	413
555	416
555	418
555	438
555	445
555	460
555	465
555	475
555	479
555	480
555	481
555	496
555	506
555	507
555	511
555	666
556	566
556	569
556	576
556	580
556	592
556	400
556	401
556	405
556	416
556	419
556	421
556	424
556	431
556	433
556	437
556	438
556	452
556	453
556	454
556	455
556	458
556	471
556	476
556	490
556	496
556	504
556	773
557	567
557	593
557	594
557	406
557	409
557	412
557	428
557	429
557	432
557	440
557	446
557	456
557	460
557	468
557	470
557	483
557	484
557	497
557	502
557	504
557	505
558	559
558	569
558	577
558	584
558	588
558	593
558	598
558	401
558	404
558	422
558	427
558	431
558	433
558	434
558	437
558	440
558	450
558	457
558	460
558	466
558	474
558	477
558	493
558	501
558	600
558	726
559	564
559	570
559	574
559	586
559	587
559	589
559	596
559	404
559	409
559	426
559	428
559	443
559	448
559	450
559	454
559	483
559	485
559	487
559	492
559	493
559	506
559	614
559	720
560	564
560	565
560	573
560	581
560	583
560	584
560	599
560	417
560	424
560	437
560	441
560	445
560	450
560	452
560	461
560	463
560	465
560	468
560	471
560	475
560	478
560	484
560	489
560	501
560	503
560	506
560	508
560	627
560	699
561	563
561	579
561	584
561	585
561	587
561	595
561	408
561	409
561	419
561	425
561	431
561	437
561	448
561	456
561	458
561	464
561	470
561	476
561	478
561	489
561	493
561	509
561	510
561	605
561	673
561	676
562	564
562	574
562	576
562	579
562	589
562	598
562	400
562	409
562	413
562	418
562	437
562	448
562	452
562	456
562	461
562	474
562	483
562	489
562	493
562	509
563	564
563	567
563	570
563	577
563	585
563	588
563	404
563	407
563	421
563	430
563	435
563	442
563	443
563	461
563	463
563	467
563	471
563	477
563	488
563	489
563	490
563	494
563	502
563	507
564	566
564	572
564	573
564	589
564	591
564	594
564	597
564	598
564	405
564	417
564	426
564	448
564	450
564	451
564	456
564	466
564	500
564	503
564	511
565	568
565	570
565	575
565	578
565	583
565	596
565	403
565	419
565	431
565	433
565	435
565	436
565	438
565	450
565	451
565	458
565	464
565	467
565	470
565	472
565	473
565	474
565	477
565	478
565	485
565	502
565	504
565	509
566	570
566	588
566	590
566	597
566	400
566	401
566	405
566	427
566	428
566	429
566	437
566	444
566	453
566	458
566	462
566	463
566	466
566	469
566	471
566	494
566	496
566	504
567	570
567	575
567	587
567	598
567	405
567	415
567	422
567	424
567	426
567	429
567	433
567	444
567	445
567	447
567	448
567	455
567	471
567	475
567	482
567	509
567	795
568	575
568	598
568	406
568	407
568	421
568	426
568	432
568	435
568	446
568	453
568	454
568	458
568	461
568	489
568	494
568	498
568	510
568	666
568	692
568	719
568	728
569	589
569	592
569	401
569	405
569	414
569	415
569	432
569	439
569	441
569	454
569	468
569	491
570	574
570	578
570	581
570	588
570	592
570	599
570	405
570	407
570	411
570	419
570	434
570	436
570	437
570	443
570	448
570	471
570	472
570	479
570	495
570	500
570	506
570	762
571	574
571	580
571	591
571	598
571	599
571	404
571	409
571	428
571	432
571	440
571	452
571	463
571	465
571	469
571	474
571	488
571	489
571	492
571	500
571	508
571	698
572	581
572	404
572	422
572	426
572	427
572	446
572	456
572	458
572	467
572	483
572	484
572	485
572	486
572	494
572	497
572	502
572	664
573	580
573	586
573	589
573	406
573	407
573	412
573	416
573	418
573	425
573	437
573	441
573	442
573	443
573	457
573	458
573	464
573	468
573	490
573	492
573	493
573	501
573	502
573	503
573	510
574	590
574	409
574	410
574	429
574	435
574	437
574	440
574	444
574	445
574	452
574	463
574	471
574	474
574	476
574	478
574	483
574	491
574	494
574	504
574	506
574	510
574	746
575	582
575	587
575	588
575	597
575	599
575	400
575	405
575	414
575	415
575	430
575	434
575	452
575	460
575	468
575	478
575	481
575	497
575	505
576	578
576	582
576	583
576	589
576	597
576	412
576	429
576	440
576	441
576	459
576	471
576	472
576	485
576	490
576	502
576	507
576	710
577	579
577	586
577	591
577	409
577	415
577	429
577	437
577	438
577	444
577	457
577	460
577	481
577	503
577	505
577	662
577	712
578	589
578	420
578	426
578	429
578	437
578	445
578	455
578	461
578	463
578	466
578	471
578	472
578	473
578	476
578	480
578	483
578	494
578	498
578	500
578	501
578	505
578	676
578	686
579	408
579	410
579	412
579	414
579	416
579	417
579	418
579	423
579	429
579	448
579	450
579	456
579	458
579	470
579	482
579	490
579	494
579	495
579	503
579	704
579	752
580	585
580	410
580	420
580	433
580	436
580	440
580	444
580	455
580	458
580	465
580	467
580	478
580	482
580	483
580	496
580	500
580	504
580	509
580	511
581	404
581	426
581	433
581	438
581	442
581	450
581	454
581	477
581	501
581	507
581	509
581	605
582	586
582	593
582	594
582	413
582	418
582	421
582	422
582	423
582	437
582	444
582	451
582	454
582	459
582	460
582	461
582	464
582	470
582	473
582	480
582	481
582	484
582	497
582	500
582	504
582	505
582	506
582	509
582	638
583	588
583	593
583	407
583	408
583	409
583	435
583	444
583	445
583	448
583	478
583	487
583	495
583	500
583	510
584	594
584	598
584	400
584	414
584	415
584	423
584	424
584	437
584	446
584	466
584	470
584	471
584	476
584	498
584	505
584	654
584	701
584	771
585	400
585	403
585	410
585	411
585	413
585	415
585	416
585	427
585	434
585	451
585	452
585	454
585	478
585	491
585	507
586	591
586	593
586	596
586	599
586	405
586	408
586	435
586	440
586	442
586	446
586	450
586	464
586	465
586	469
586	471
586	484
586	487
586	493
586	504
587	403
587	406
587	411
587	412
587	413
587	427
587	428
587	434
587	436
587	444
587	449
587	453
587	468
587	473
587	480
587	485
587	490
587	504
587	768
588	597
588	598
588	400
588	421
588	435
588	446
588	448
588	449
588	450
588	453
588	456
588	466
588	480
588	483
588	484
588	486
588	498
588	501
588	502
588	606
588	720
589	590
589	593
589	405
589	409
589	418
589	424
589	425
589	426
589	435
589	441
589	445
589	470
589	479
589	482
589	494
589	500
589	504
589	506
589	772
590	400
590	407
590	441
590	445
590	446
590	456
590	483
590	485
590	491
590	492
590	499
590	502
590	503
590	508
591	400
591	402
591	404
591	410
591	419
591	426
591	446
591	448
591	452
591	455
591	460
591	463
591	479
591	481
591	486
591	490
591	492
591	499
591	501
591	503
591	635
591	723
591	771
592	408
592	410
592	414
592	432
592	438
592	459
592	479
592	484
592	498
592	509
592	511
592	650
593	406
593	410
593	415
593	421
593	425
593	440
593	443
593	444
593	479
593	489
593	494
593	681
594	595
594	599
594	405
594	414
594	415
594	417
594	422
594	423
594	425
594	427
594	429
594	434
594	440
594	442
594	451
594	458
594	472
594	476
594	497
594	499
594	501
594	502
594	767
595	596
595	598
595	599
595	407
595	413
595	423
595	424
595	425
595	426
595	428
595	435
595	438
595	439
595	440
595	451
595	462
595	479
595	503
595	505
595	507
595	508
596	597
596	406
596	418
596	426
596	433
596	437
596	440
596	448
596	451
596	469
596	476
596	482
596	492
596	496
596	511
597	402
597	405
597	426
597	430
597	432
597	433
597	435
597	442
597	447
597	448
597	458
597	460
597	464
597	481
597	483
597	488
597	490
597	495
597	496
597	498
597	502
597	503
598	422
598	449
598	455
598	456
598	463
598	466
598	473
598	480
598	485
598	486
598	495
598	502
599	402
599	411
599	412
599	415
599	423
599	431
599	468
599	469
599	471
599	478
599	483
599	487
599	495
599	497
599	499
599	502
599	503
400	416
400	430
400	455
400	469
400	474
400	478
400	481
400	485
400	505
400	510
400	511
401	402
401	406
401	414
401	417
401	427
401	429
401	438
401	439
401	444
401	460
401	462
401	464
401	468
401	470
401	473
401	489
401	490
401	497
402	405
402	407
402	411
402	417
402	418
402	427
402	431
402	450
402	452
402	460
402	465
402	470
402	485
402	490
402	494
402	498
402	500
402	502
402	503
402	511
403	404
403	410
403	412
403	416
403	417
403	427
403	428
403	433
403	441
403	444
403	448
403	451
403	458
403	459
403	462
403	468
403	487
403	495
403	501
403	509
403	678
404	422
404	430
404	432
404	435
404	442
404	457
404	468
404	472
404	473
404	474
404	487
404	657
405	407
405	421
405	422
405	427
405	433
405	438
405	442
405	456
405	459
405	485
405	492
405	508
406	414
406	419
406	424
406	430
406	432
406	445
406	448
406	459
406	464
406	468
406	472
406	481
406	486
406	507
407	411
407	418
407	427
407	434
407	435
407	455
407	476
407	477
407	482
407	488
407	493
407	496
407	498
407	501
407	731
407	737
408	419
408	422
408	446
408	450
408	454
408	480
408	482
408	485
408	487
408	504
409	432
409	437
409	439
409	442
409	444
409	445
409	452
409	460
409	461
409	464
409	471
409	473
409	487
409	491
409	494
409	499
409	503
410	418
410	421
410	424
410	426
410	437
410	438
410	440
410	443
410	446
410	447
410	457
410	459
410	460
410	465
410	476
410	478
410	481
410	487
410	496
410	497
410	508
411	417
411	422
411	429
411	432
411	439
411	451
411	452
411	456
411	457
411	461
411	464
411	473
411	474
411	482
411	485
411	486
411	507
411	626
411	640
412	416
412	431
412	442
412	445
412	446
412	448
412	452
412	454
412	474
412	482
412	496
412	499
413	420
413	436
413	440
413	449
413	458
413	467
413	470
413	485
413	490
413	495
413	497
413	501
413	502
414	419
414	436
414	438
414	456
414	465
414	466
414	483
414	493
414	494
414	495
414	501
414	504
414	757
415	418
415	422
415	428
415	429
415	441
415	442
415	445
415	458
415	460
415	465
415	467
415	468
415	479
415	480
415	490
415	509
415	794
416	430
416	437
416	439
416	450
416	454
416	473
416	477
416	482
416	488
416	489
416	491
416	495
416	498
416	500
417	427
417	436
417	443
417	449
417	461
417	478
417	485
417	486
417	500
417	684
418	421
418	434
418	442
418	446
418	450
418	465
418	469
418	481
418	486
418	497
418	508
418	648
418	649
419	420
419	421
419	429
419	430
419	437
419	438
419	439
419	445
419	475
419	477
419	479
419	484
419	488
419	494
419	496
419	501
419	507
419	510
419	511
420	422
420	423
420	424
420	426
420	428
420	432
420	433
420	444
420	447
420	458
420	462
420	465
420	468
420	474
420	496
420	500
420	505
420	509
420	631
420	744
421	423
421	448
421	454
421	462
421	470
421	471
421	476
421	481
421	487
421	489
421	494
421	498
421	503
421	504
421	511
421	774
422	428
422	433
422	435
422	443
422	455
422	461
422	464
422	469
422	473
422	488
422	500
422	504
422	747
423	428
423	432
423	434
423	450
423	465
423	467
423	470
423	475
423	482
423	505
423	510
423	794
424	425
424	428
424	431
424	435
424	438
424	441
424	450
424	455
424	465
424	476
424	477
424	486
424	487
424	499
424	501
424	509
425	431
425	459
425	460
425	467
425	472
425	480
425	488
425	495
425	503
425	510
426	445
426	446
426	466
426	477
426	482
426	484
426	501
426	510
427	429
427	431
427	438
427	440
427	443
427	449
427	461
427	466
427	467
427	480
427	482
427	485
427	486
427	494
427	511
428	432
428	456
428	461
428	462
428	465
428	469
428	476
428	494
428	497
428	505
428	511
429	430
429	433
429	436
429	447
429	484
429	485
429	494
429	505
430	432
430	436
430	461
430	462
430	463
430	467
430	468
430	473
430	488
430	489
430	494
430	496
431	435
431	439
431	445
431	448
431	450
431	458
431	460
431	463
431	468
431	469
431	471
431	485
431	487
431	491
431	500
431	504
431	713
432	433
432	446
432	451
432	454
432	455
432	460
432	463
432	478
432	480
432	484
432	488
432	723
433	434
433	490
433	724
434	441
434	444
434	448
434	449
434	454
434	465
434	471
434	476
434	477
434	485
434	499
434	505
434	509
434	511
435	442
435	466
435	481
435	503
435	507
435	511
435	610
435	621
435	671
436	446
436	451
436	455
436	461
436	472
436	487
436	488
436	490
436	497
436	503
436	504
436	507
436	508
436	510
437	443
437	444
437	448
437	450
437	452
437	455
437	456
437	461
437	465
437	469
437	470
437	471
437	472
437	491
437	508
437	510
438	449
438	451
438	453
438	460
438	468
438	469
438	483
438	492
438	502
438	507
438	509
439	441
439	442
439	452
439	456
439	460
439	462
439	480
439	485
439	490
439	491
439	494
439	495
439	500
439	510
439	627
440	447
440	448
440	451
440	467
440	472
440	473
440	477
440	484
440	488
440	492
440	493
440	495
440	502
440	504
440	506
440	507
440	673
441	445
441	448
441	454
441	458
441	464
441	468
441	470
441	479
441	482
441	485
441	488
441	492
441	502
441	503
442	444
442	458
442	462
442	468
442	470
442	475
442	476
442	478
442	479
442	484
442	489
442	707
443	456
443	458
443	468
443	471
443	478
443	479
443	483
443	502
443	506
443	507
443	670
444	457
444	466
444	469
444	484
444	489
444	497
444	511
444	713
445	468
445	474
445	476
445	486
445	487
445	495
445	506
445	508
445	663
445	690
446	449
446	456
446	460
446	464
446	467
446	470
446	473
446	495
446	497
446	500
446	504
446	507
446	698
446	756
447	463
447	464
447	482
447	489
447	509
447	697
447	779
448	461
448	468
448	469
448	475
448	482
448	484
448	489
448	500
448	504
448	511
448	619
449	451
449	452
449	457
449	470
449	482
449	486
449	502
449	669
449	746
450	452
450	454
450	457
450	458
450	479
450	482
450	496
450	506
450	791
451	460
451	486
451	495
451	497
451	499
452	459
452	464
452	468
452	469
452	473
452	477
452	478
452	492
453	459
453	475
453	481
453	482
453	487
453	488
453	492
453	496
453	500
453	502
454	460
454	463
454	470
454	471
454	472
454	478
454	480
454	482
454	483
454	494
454	495
454	499
454	502
454	508
455	456
455	470
455	475
455	481
455	483
455	485
455	488
455	506
456	460
456	481
456	484
457	460
457	461
457	468
457	476
457	481
457	484
457	490
457	495
457	503
458	464
458	479
458	482
458	493
458	500
458	502
458	503
458	504
459	462
459	474
459	478
459	485
459	492
459	779
460	462
460	472
460	481
460	484
460	490
460	494
461	475
461	482
461	490
461	493
461	502
461	509
462	503
462	668
462	720
462	738
462	786
463	479
463	485
463	486
463	491
463	493
463	495
463	500
463	501
463	752
464	465
464	470
464	476
464	481
464	482
464	485
464	495
464	499
464	511
464	633
465	470
465	480
465	485
465	486
465	488
465	491
466	467
466	468
466	477
466	480
466	492
466	504
466	602
466	622
467	473
467	481
467	486
467	493
467	499
467	505
467	508
467	510
468	469
468	475
468	498
468	505
468	739
469	471
469	482
469	484
469	492
469	493
469	496
469	499
469	509
469	510
469	511
470	476
470	487
470	490
470	496
470	510
470	666
471	479
471	482
471	494
472	474
472	479
472	492
472	495
472	501
472	693
473	489
473	490
473	492
473	499
473	504
473	511
473	603
474	478
474	485
474	632
475	476
475	487
476	485
476	511
477	478
477	490
477	495
477	497
477	506
477	509
477	653
478	480
478	484
478	497
478	675
479	490
479	662
480	487
480	505
480	773
481	482
481	484
482	487
482	490
482	492
482	507
482	509
483	494
483	499
483	502
483	761
484	489
484	490
484	503
484	672
485	495
485	496
485	497
485	499
485	502
485	511
486	506
486	510
486	626
487	501
487	504
487	506
487	510
487	511
488	497
488	498
488	502
488	503
488	510
488	620
488	634
488	789
489	491
489	494
489	496
489	498
489	500
489	507
489	511
489	787
490	496
490	497
490	506
491	494
491	690
491	698
492	505
492	506
492	770
493	497
493	501
493	503
493	507
493	602
494	496
494	501
494	791
495	497
495	500
497	509
498	499
499	500
499	502
499	508
499	511
499	739
500	718
501	511
502	505
502	511
502	667
502	693
502	777
504	667
505	693
507	510
507	617
507	756
509	620
509	622
510	511
511	727
600	626
600	630
600	631
600	644
600	647
600	654
600	658
600	677
600	679
600	706
600	708
600	712
600	715
600	718
600	727
600	728
600	736
600	737
600	741
600	748
600	750
600	754
600	755
600	761
600	768
600	769
600	777
600	786
600	792
600	796
601	619
601	621
601	623
601	630
601	631
601	636
601	637
601	638
601	649
601	654
601	674
601	675
601	683
601	687
601	690
601	698
601	699
601	703
601	705
601	714
601	717
601	723
601	724
601	736
601	737
601	741
601	747
601	749
601	775
601	785
601	788
601	794
602	615
602	616
602	621
602	624
602	625
602	644
602	650
602	654
602	669
602	681
602	684
602	691
602	692
602	694
602	715
602	723
602	736
602	740
602	743
602	753
602	755
602	761
602	770
602	772
602	775
602	778
602	787
602	794
602	797
602	798
603	604
603	608
603	611
603	618
603	630
603	634
603	635
603	649
603	651
603	657
603	665
603	679
603	687
603	694
603	701
603	704
603	707
603	709
603	725
603	738
603	756
603	762
603	769
603	788
603	796
604	608
604	609
604	618
604	619
604	622
604	623
604	632
604	637
604	638
604	643
604	646
604	658
604	660
604	674
604	683
604	698
604	699
604	713
604	716
604	718
604	722
604	725
604	726
604	727
604	731
604	743
604	744
604	745
604	746
604	752
604	760
604	764
604	769
604	793
604	796
605	636
605	647
605	657
605	663
605	664
605	669
605	675
605	679
605	680
605	682
605	684
605	689
605	693
605	697
605	698
605	712
605	719
605	753
605	772
605	775
605	777
605	791
606	607
606	611
606	620
606	633
606	644
606	660
606	668
606	674
606	698
606	705
606	707
606	712
606	736
606	738
606	752
606	763
606	766
606	767
606	775
606	799
607	621
607	622
607	632
607	638
607	655
607	657
607	667
607	668
607	681
607	687
607	696
607	704
607	714
607	728
607	736
607	739
607	740
607	751
607	763
607	770
607	774
607	780
607	786
607	799
608	614
608	619
608	621
608	623
608	628
608	630
608	633
608	638
608	645
608	647
608	660
608	669
608	676
608	681
608	691
608	743
608	755
608	760
608	765
608	767
608	780
608	794
609	610
609	622
609	628
609	641
609	643
609	655
609	666
609	673
609	697
609	699
609	715
609	745
609	749
609	751
609	762
609	769
609	772
609	773
609	779
610	616
610	618
610	619
610	632
610	634
610	640
610	647
610	656
610	658
610	664
610	668
610	678
610	680
610	699
610	707
610	717
610	745
610	747
610	748
610	749
610	756
610	779
610	783
610	788
610	793
610	796
611	616
611	632
611	635
611	639
611	641
611	675
611	680
611	682
611	691
611	692
611	694
611	702
611	704
611	714
611	721
611	726
611	731
611	735
611	741
611	755
611	759
611	764
611	765
611	772
611	780
611	782
611	793
611	796
612	624
612	628
612	634
612	647
612	648
612	655
612	662
612	665
612	667
612	670
612	674
612	682
612	683
612	689
612	692
612	698
612	699
612	722
612	739
612	761
612	774
612	791
612	797
613	622
613	639
613	644
613	648
613	657
613	658
613	660
613	669
613	675
613	681
613	686
613	693
613	695
613	705
613	708
613	710
613	720
613	725
613	763
613	764
613	766
613	776
613	782
613	784
613	793
613	797
613	798
614	616
614	618
614	626
614	632
614	634
614	636
614	637
614	643
614	650
614	652
614	658
614	678
614	681
614	687
614	693
614	697
614	702
614	703
614	710
614	713
614	715
614	718
614	737
614	743
614	748
614	749
614	761
614	767
614	778
614	781
614	784
614	797
614	799
615	619
615	626
615	636
615	640
615	642
615	649
615	651
615	665
615	668
615	682
615	688
615	690
615	694
615	695
615	696
615	702
615	705
615	706
615	734
615	739
615	747
615	761
615	772
615	780
615	787
615	793
615	794
616	618
616	633
616	634
616	653
616	654
616	657
616	659
616	661
616	662
616	666
616	669
616	671
616	680
616	689
616	691
616	692
616	694
616	696
616	706
616	714
616	723
616	725
616	731
616	749
616	762
616	771
616	775
616	779
616	784
616	787
616	788
616	792
616	795
616	798
617	620
617	629
617	651
617	678
617	709
617	712
617	726
617	730
617	743
617	745
617	753
617	756
617	763
617	765
617	767
617	768
617	773
617	774
617	795
617	796
617	798
617	799
618	630
618	633
618	639
618	644
618	648
618	652
618	653
618	663
618	664
618	665
618	667
618	674
618	686
618	691
618	693
618	706
618	708
618	722
618	725
618	730
618	745
618	752
618	767
618	769
618	773
618	778
618	791
618	793
619	627
619	630
619	634
619	635
619	639
619	645
619	652
619	653
619	667
619	669
619	683
619	685
619	692
619	697
619	700
619	701
619	710
619	718
619	719
619	720
619	725
619	737
619	744
619	756
619	759
619	764
619	770
619	776
619	778
619	786
619	788
619	790
620	622
620	633
620	650
620	653
620	655
620	660
620	662
620	664
620	677
620	680
620	684
620	688
620	692
620	695
620	697
620	698
620	701
620	705
620	720
620	727
620	729
620	730
620	731
620	735
620	742
620	744
620	753
620	755
620	767
620	769
620	770
620	783
621	626
621	634
621	657
621	663
621	684
621	694
621	716
621	717
621	719
621	734
621	736
621	743
621	749
621	763
621	771
621	777
621	784
621	785
621	794
622	624
622	630
622	646
622	647
622	655
622	656
622	661
622	662
622	663
622	669
622	670
622	683
622	690
622	693
622	696
622	698
622	705
622	723
622	727
622	737
622	744
622	745
622	748
622	756
622	767
622	768
622	769
622	773
622	774
622	787
622	789
622	793
623	632
623	634
623	638
623	645
623	646
623	659
623	663
623	669
623	695
623	713
623	724
623	728
623	729
623	730
623	739
623	743
623	745
623	747
623	751
623	761
623	768
623	774
623	776
623	789
623	790
623	791
624	627
624	629
624	642
624	646
624	648
624	657
624	659
624	661
624	662
624	686
624	696
624	703
624	705
624	707
624	730
624	734
624	739
624	740
624	741
624	746
624	751
624	758
624	763
624	767
624	772
624	776
624	784
624	788
625	630
625	642
625	653
625	668
625	680
625	687
625	702
625	707
625	722
625	726
625	727
625	728
625	730
625	735
625	753
625	757
625	759
625	767
625	789
625	790
625	793
626	627
626	639
626	652
626	672
626	674
626	689
626	696
626	719
626	726
626	729
626	731
626	736
626	752
626	758
626	759
626	761
626	776
626	785
626	796
627	628
627	640
627	645
627	647
627	651
627	652
627	660
627	666
627	668
627	679
627	689
627	692
627	693
627	706
627	707
627	709
627	719
627	722
627	747
627	748
627	752
627	758
627	771
627	772
627	776
627	777
627	791
627	799
628	629
628	635
628	648
628	662
628	666
628	667
628	675
628	676
628	678
628	680
628	682
628	685
628	693
628	706
628	709
628	729
628	732
628	753
628	765
628	770
628	780
628	788
629	634
629	641
629	657
629	668
629	671
629	673
629	676
629	677
629	694
629	696
629	700
629	707
629	722
629	725
629	731
629	735
629	747
629	753
629	759
629	764
629	775
629	791
629	793
630	633
630	634
630	648
630	678
630	684
630	686
630	695
630	718
630	721
630	725
630	734
630	743
630	745
630	752
630	762
630	769
630	770
630	786
630	789
630	794
630	795
631	642
631	647
631	656
631	658
631	662
631	687
631	696
631	717
631	726
631	727
631	729
631	744
631	750
631	762
631	769
631	776
631	780
631	783
631	787
631	788
631	792
631	793
631	797
632	640
632	646
632	653
632	655
632	656
632	661
632	664
632	670
632	671
632	673
632	681
632	682
632	688
632	698
632	699
632	710
632	714
632	719
632	720
632	727
632	729
632	733
632	734
632	737
632	740
632	744
632	778
632	781
632	784
632	799
633	635
633	636
633	640
633	642
633	646
633	647
633	655
633	656
633	657
633	658
633	684
633	700
633	704
633	712
633	717
633	726
633	737
633	749
633	755
633	758
633	769
633	772
633	791
633	793
634	646
634	657
634	672
634	688
634	697
634	698
634	709
634	714
634	715
634	722
634	724
634	728
634	729
634	735
634	737
634	763
635	636
635	638
635	642
635	652
635	659
635	687
635	693
635	696
635	703
635	704
635	710
635	726
635	730
635	745
635	766
635	768
635	773
635	774
635	779
635	781
635	788
636	637
636	638
636	645
636	660
636	665
636	669
636	684
636	708
636	718
636	723
636	725
636	727
636	732
636	741
636	743
636	747
636	756
636	757
636	762
636	770
636	772
636	774
637	639
637	641
637	650
637	651
637	656
637	659
637	660
637	662
637	665
637	669
637	670
637	678
637	681
637	684
637	685
637	690
637	698
637	701
637	707
637	713
637	715
637	722
637	729
637	732
637	736
637	741
637	777
637	787
637	793
637	798
638	644
638	659
638	672
638	673
638	700
638	702
638	705
638	711
638	717
638	723
638	734
638	745
638	751
638	752
638	759
638	760
638	767
638	771
638	773
638	774
638	779
638	782
638	789
639	642
639	643
639	659
639	660
639	670
639	671
639	693
639	701
639	703
639	704
639	724
639	728
639	729
639	731
639	732
639	742
639	743
639	751
639	754
639	755
639	761
639	764
639	779
639	793
639	798
640	653
640	682
640	693
640	697
640	701
640	703
640	704
640	708
640	710
640	719
640	722
640	727
640	754
640	759
640	772
640	778
640	782
640	790
640	793
641	643
641	644
641	653
641	655
641	658
641	665
641	667
641	669
641	675
641	696
641	697
641	706
641	710
641	716
641	722
641	726
641	734
641	736
641	737
641	753
641	754
641	768
641	777
641	797
641	799
642	644
642	646
642	652
642	661
642	698
642	701
642	709
642	732
642	736
642	737
642	738
642	756
642	760
642	764
642	765
642	767
642	780
642	781
642	799
643	647
643	654
643	656
643	660
643	700
643	720
643	722
643	726
643	744
643	746
643	750
643	761
643	777
643	779
643	798
643	799
644	645
644	657
644	659
644	661
644	668
644	676
644	678
644	687
644	693
644	696
644	700
644	707
644	711
644	717
644	719
644	721
644	723
644	724
644	728
644	735
644	737
644	739
644	742
644	746
644	749
644	762
644	764
644	787
644	792
645	656
645	660
645	661
645	664
645	668
645	688
645	693
645	695
645	712
645	713
645	724
645	735
645	737
645	749
645	754
645	755
645	769
645	771
645	784
645	788
645	793
646	655
646	671
646	682
646	685
646	687
646	692
646	697
646	703
646	712
646	724
646	745
646	748
646	760
646	761
646	765
646	784
646	785
646	790
647	650
647	664
647	668
647	674
647	684
647	685
647	689
647	690
647	697
647	701
647	711
647	737
647	748
647	757
647	758
647	771
647	776
647	780
647	787
647	788
648	654
648	657
648	659
648	671
648	672
648	674
648	677
648	683
648	700
648	710
648	725
648	727
648	730
648	733
648	759
648	762
648	769
648	770
648	784
648	786
648	789
648	792
649	662
649	663
649	673
649	675
649	677
649	687
649	691
649	695
649	718
649	730
649	755
649	757
649	758
649	765
649	766
649	769
649	776
649	783
649	796
650	672
650	674
650	676
650	682
650	685
650	709
650	718
650	719
650	727
650	738
650	750
650	751
650	788
650	789
650	791
650	794
651	660
651	661
651	671
651	685
651	688
651	690
651	692
651	696
651	698
651	705
651	712
651	717
651	719
651	721
651	730
651	751
651	783
652	661
652	670
652	671
652	673
652	677
652	678
652	679
652	686
652	694
652	709
652	710
652	724
652	727
652	729
652	730
652	751
652	753
652	765
652	771
652	775
652	787
652	788
653	657
653	668
653	678
653	688
653	692
653	696
653	710
653	722
653	724
653	725
653	729
653	731
653	732
653	763
653	765
653	767
653	768
653	770
653	773
653	789
653	795
653	799
654	655
654	658
654	669
654	675
654	677
654	678
654	697
654	708
654	714
654	717
654	719
654	724
654	726
654	727
654	737
654	741
654	744
654	748
654	751
654	762
654	764
654	771
654	781
654	791
655	657
655	659
655	665
655	669
655	676
655	677
655	678
655	687
655	692
655	703
655	704
655	705
655	709
655	713
655	723
655	726
655	733
655	761
655	766
655	767
655	768
655	769
655	784
655	791
655	793
656	681
656	695
656	703
656	705
656	716
656	718
656	719
656	720
656	722
656	725
656	729
656	730
656	737
656	742
656	759
656	761
656	766
656	777
656	778
656	781
656	782
656	787
656	794
656	795
656	798
657	670
657	681
657	684
657	685
657	688
657	689
657	691
657	693
657	708
657	711
657	712
657	719
657	729
657	737
657	749
657	751
657	756
657	757
657	767
657	776
657	780
657	788
657	793
658	659
658	660
658	664
658	672
658	676
658	694
658	700
658	703
658	716
658	726
658	736
658	742
658	755
658	756
658	764
658	776
658	777
658	791
658	798
659	676
659	678
659	684
659	692
659	694
659	705
659	724
659	727
659	730
659	748
659	755
659	756
659	757
659	763
659	769
659	785
659	797
659	799
660	671
660	681
660	685
660	686
660	694
660	695
660	696
660	708
660	715
660	722
660	728
660	750
660	755
660	756
660	766
660	779
660	780
660	784
660	787
660	790
660	796
661	678
661	679
661	680
661	690
661	692
661	706
661	737
661	739
661	752
661	767
661	771
661	782
661	789
661	799
662	672
662	682
662	689
662	693
662	697
662	707
662	727
662	729
662	733
662	738
662	746
662	752
662	760
662	762
662	763
662	775
662	782
662	787
663	667
663	669
663	673
663	674
663	677
663	688
663	697
663	701
663	703
663	707
663	718
663	722
663	728
663	737
663	751
663	753
664	674
664	678
664	714
664	732
664	738
664	740
664	744
664	746
664	747
664	749
664	765
664	768
664	769
664	770
664	776
664	778
665	676
665	685
665	700
665	706
665	715
665	729
665	733
665	738
665	744
665	748
665	755
665	759
665	763
665	765
665	771
665	772
665	773
665	778
665	784
665	789
665	794
666	670
666	706
666	714
666	720
666	723
666	730
666	732
666	740
666	754
666	758
666	779
666	790
666	793
667	677
667	678
667	679
667	694
667	707
667	710
667	714
667	727
667	729
667	741
667	742
667	744
667	751
667	752
667	754
667	760
667	762
667	763
667	765
667	781
667	783
667	789
667	792
667	796
668	695
668	723
668	746
668	751
668	753
668	756
668	763
668	768
668	798
669	673
669	681
669	689
669	692
669	697
669	714
669	716
669	725
669	726
669	736
669	743
669	749
669	768
669	788
669	796
670	674
670	675
670	682
670	685
670	688
670	692
670	694
670	696
670	700
670	704
670	705
670	714
670	716
670	722
670	737
670	748
670	754
670	756
670	768
670	771
670	774
670	778
670	792
670	798
671	696
671	699
671	704
671	706
671	713
671	715
671	718
671	724
671	735
671	747
671	748
671	753
671	756
671	771
671	780
671	796
671	798
672	675
672	682
672	683
672	687
672	689
672	699
672	706
672	719
672	730
672	743
672	747
672	749
672	754
672	755
672	763
672	791
673	675
673	695
673	703
673	718
673	724
673	730
673	733
673	743
673	755
673	764
673	784
673	791
673	795
674	680
674	682
674	696
674	698
674	707
674	711
674	717
674	724
674	739
674	744
674	753
674	758
674	760
674	767
674	782
674	786
674	794
674	799
675	678
675	700
675	709
675	713
675	723
675	731
675	732
675	743
675	763
675	766
675	767
675	772
675	778
676	683
676	685
676	688
676	693
676	698
676	700
676	710
676	713
676	715
676	720
676	722
676	730
676	732
676	737
676	759
676	765
676	770
676	776
676	781
676	783
676	797
677	682
677	683
677	690
677	706
677	710
677	713
677	725
677	730
677	732
677	734
677	747
677	749
677	753
677	754
677	757
677	759
677	765
677	774
677	796
678	680
678	685
678	687
678	694
678	696
678	707
678	715
678	732
678	745
678	769
678	775
678	783
678	785
678	789
678	792
679	687
679	704
679	707
679	714
679	750
679	753
679	762
679	768
679	771
679	775
679	777
679	779
679	783
679	784
679	792
680	684
680	688
680	689
680	697
680	708
680	709
680	715
680	721
680	722
680	726
680	728
680	738
680	750
680	755
680	768
680	770
680	779
680	791
681	686
681	690
681	699
681	703
681	705
681	715
681	718
681	721
681	722
681	736
681	746
681	749
681	753
681	763
681	768
681	773
681	778
681	784
681	786
681	793
681	794
682	688
682	690
682	697
682	699
682	725
682	727
682	729
682	737
682	743
682	746
682	748
682	788
682	789
682	798
683	684
683	691
683	702
683	704
683	711
683	721
683	725
683	733
683	735
683	750
683	760
683	770
683	772
683	775
683	782
683	794
684	685
684	707
684	711
684	717
684	723
684	733
684	740
684	748
684	758
684	781
684	784
684	791
684	797
684	798
685	694
685	696
685	706
685	747
685	749
685	757
685	759
685	763
685	766
685	768
685	770
685	790
686	689
686	720
686	722
686	727
686	732
686	737
686	743
686	751
686	759
686	777
686	793
686	794
687	690
687	699
687	706
687	710
687	730
687	743
687	753
687	770
687	773
687	787
687	794
688	693
688	696
688	697
688	698
688	700
688	706
688	728
688	730
688	734
688	737
688	739
688	744
688	746
688	748
688	756
688	775
688	784
688	794
688	795
688	796
688	798
688	799
689	690
689	691
689	700
689	713
689	719
689	726
689	734
689	735
689	750
689	754
689	761
689	766
689	773
689	790
690	697
690	698
690	699
690	707
690	712
690	726
690	732
690	733
690	744
690	773
690	778
690	780
690	787
690	797
691	699
691	700
691	701
691	719
691	722
691	727
691	755
691	757
691	760
691	771
691	791
692	710
692	717
692	726
692	731
692	741
692	742
692	747
692	750
692	756
692	767
692	770
692	773
692	774
692	777
692	778
692	779
692	783
692	785
693	708
693	711
693	715
693	716
693	726
693	730
693	731
693	735
693	737
693	739
693	758
693	760
693	772
693	775
693	783
693	788
693	794
693	795
694	698
694	705
694	711
694	716
694	721
694	722
694	724
694	725
694	740
694	742
694	768
694	775
694	789
694	796
695	697
695	703
695	705
695	715
695	716
695	720
695	721
695	728
695	732
695	740
695	745
695	749
695	752
695	753
695	769
695	776
695	781
696	714
696	722
696	723
696	725
696	740
696	756
696	760
696	764
696	767
696	772
696	777
696	790
696	792
696	797
696	799
697	705
697	706
697	714
697	730
697	732
697	737
697	748
697	754
697	760
697	786
697	789
697	792
698	699
698	707
698	712
698	721
698	722
698	737
698	739
698	742
698	748
698	753
698	757
698	762
698	765
698	774
698	781
698	783
698	789
698	793
698	799
699	707
699	718
699	733
699	738
699	739
699	745
699	749
699	767
699	798
700	701
700	717
700	718
700	725
700	726
700	736
700	750
700	754
700	756
700	757
700	760
700	775
700	779
700	780
700	794
701	708
701	710
701	712
701	716
701	726
701	727
701	749
701	751
701	754
701	757
701	758
701	769
701	770
701	777
701	781
701	791
701	795
701	798
702	704
702	707
702	712
702	717
702	727
702	728
702	730
702	732
702	743
702	748
702	750
702	757
702	782
702	786
703	704
703	716
703	719
703	736
703	739
703	745
703	749
703	753
703	761
703	763
703	769
703	770
703	773
703	782
703	783
703	786
703	792
703	794
703	795
704	712
704	715
704	726
704	747
704	765
704	767
704	777
704	790
704	796
704	798
705	714
705	717
705	720
705	725
705	731
705	735
705	741
705	745
705	755
705	756
705	776
705	782
705	786
706	721
706	722
706	725
706	747
706	758
706	771
706	774
706	775
706	782
706	791
706	798
707	711
707	729
707	736
707	737
707	738
707	740
707	743
707	744
707	757
707	759
707	764
707	768
707	790
707	799
708	712
708	719
708	747
708	750
708	760
708	767
708	769
708	787
708	789
708	791
708	792
709	714
709	722
709	732
709	735
709	738
709	747
709	748
709	750
709	758
709	780
709	793
710	720
710	745
710	748
710	758
710	765
710	772
710	778
710	779
710	780
710	784
710	785
710	796
711	721
711	729
711	731
711	743
711	744
711	745
711	747
711	765
711	766
711	767
711	769
711	770
711	781
711	783
711	789
712	737
712	741
712	745
712	747
712	750
712	752
712	773
712	778
712	795
713	715
713	719
713	724
713	737
713	739
713	741
713	742
713	757
713	761
713	766
713	772
713	784
713	789
713	790
713	798
714	717
714	718
714	736
714	737
714	741
714	747
714	748
714	749
714	753
714	754
714	755
714	764
714	782
714	783
714	786
715	720
715	733
715	740
715	742
715	750
715	769
715	772
715	774
715	784
716	720
716	721
716	722
716	726
716	727
716	736
716	742
716	747
716	752
716	754
716	771
716	786
716	789
716	792
716	793
716	798
717	720
717	721
717	728
717	729
717	736
717	739
717	745
717	751
717	755
717	758
717	763
717	776
717	797
718	720
718	737
718	739
718	773
718	778
718	779
718	784
719	732
719	736
719	740
719	773
719	779
719	780
719	787
719	792
719	797
719	798
719	799
720	724
720	736
720	741
720	747
720	755
720	759
720	764
720	765
720	766
720	775
720	779
720	784
720	788
721	725
721	729
721	749
721	757
721	769
721	783
721	786
721	790
721	791
721	799
722	723
722	724
722	727
722	745
722	752
722	755
722	757
722	761
722	771
722	781
722	792
722	795
723	765
723	771
723	772
723	778
723	786
723	787
723	792
724	726
724	730
724	731
724	734
724	735
724	737
724	739
724	740
724	743
724	744
724	749
724	760
724	762
724	786
725	733
725	736
725	742
725	743
725	746
725	748
725	752
725	754
725	755
725	761
725	767
725	770
725	773
725	784
725	786
726	730
726	751
726	757
726	787
726	788
727	740
727	742
727	746
727	747
727	754
727	756
727	766
727	781
727	782
727	787
727	797
728	731
728	738
728	743
728	745
728	759
728	760
728	772
728	781
728	788
728	793
728	795
729	730
729	732
729	738
729	741
729	744
729	747
729	754
729	759
729	760
729	765
729	767
729	769
729	788
730	741
730	743
730	745
730	747
730	750
730	752
730	772
730	784
730	789
730	791
730	793
730	794
731	733
731	738
731	740
731	746
731	769
731	779
731	783
732	743
732	745
732	754
732	759
732	763
732	767
732	770
732	789
733	738
733	742
733	747
733	754
733	758
733	763
733	770
733	780
733	789
733	796
734	754
734	771
734	773
734	777
734	784
734	785
734	787
734	798
735	753
735	756
735	765
735	766
735	777
735	785
735	795
736	737
736	743
736	747
736	750
736	753
736	759
736	765
736	784
736	786
736	789
736	791
736	793
737	763
737	768
737	770
737	773
737	778
737	779
737	785
737	796
737	799
738	748
738	751
738	752
738	753
738	755
738	769
738	781
738	791
739	741
739	744
739	745
739	747
739	758
739	774
739	775
739	783
739	784
740	744
740	763
740	767
740	768
740	771
740	777
740	786
740	795
741	743
741	747
741	750
741	755
741	760
741	761
741	772
741	775
741	781
741	792
741	799
742	747
742	769
742	790
742	794
742	796
742	799
743	748
743	751
743	755
743	760
743	772
743	781
743	787
743	788
743	791
743	792
743	794
744	746
744	747
744	752
744	770
744	788
744	789
744	795
745	752
745	766
745	787
745	794
745	796
746	750
746	772
746	776
746	784
747	766
747	771
747	781
747	782
747	789
747	791
747	794
747	796
747	798
747	799
748	752
748	761
748	765
748	773
748	788
748	795
749	754
749	757
749	786
749	789
749	795
749	796
749	798
750	751
750	754
750	759
750	764
750	775
750	781
750	792
750	797
750	798
751	755
751	758
751	759
751	766
751	768
751	772
751	777
751	783
751	786
751	792
751	796
751	798
751	799
752	770
752	787
752	788
753	765
753	766
753	774
753	791
754	759
754	766
754	769
754	770
754	772
754	780
754	786
754	792
754	796
754	797
755	757
755	762
755	764
755	768
755	773
755	775
755	779
755	781
755	789
755	793
755	798
756	762
756	766
756	770
756	774
756	775
756	782
756	797
757	758
757	771
757	772
757	780
757	783
757	785
757	787
757	792
757	796
757	797
758	759
758	783
758	785
758	790
759	761
759	767
759	772
759	777
760	763
760	764
760	768
760	771
760	772
760	777
760	781
760	785
760	786
760	789
760	790
760	799
761	766
761	774
761	777
761	778
761	788
761	790
761	793
761	798
762	768
762	770
762	777
762	794
762	797
763	767
763	768
763	770
763	781
763	782
763	795
764	767
764	769
764	771
764	774
764	776
764	783
764	794
764	798
765	766
765	773
765	775
765	781
765	785
765	789
765	790
766	777
766	778
766	786
766	791
766	793
766	795
767	779
767	781
767	797
767	798
768	773
768	778
768	781
768	782
768	786
768	788
768	789
768	791
769	774
769	776
769	790
770	771
770	778
770	780
770	784
770	790
770	797
771	777
771	787
771	788
771	791
772	775
772	780
772	782
772	793
772	794
773	781
773	782
773	788
773	795
773	798
774	780
774	781
774	788
774	791
774	793
774	797
775	781
775	783
775	790
775	792
775	796
775	798
775	799
777	778
777	792
777	798
778	783
778	787
778	788
778	792
779	780
779	788
780	785
780	788
781	790
781	797
782	785
782	786
782	787
782	791
783	789
783	793
784	795
786	791
786	797
788	789
789	793
790	798
791	798
793	797
793	799
794	798
